2000 4000
278 306 450 557 745 902 1075 1444 1737
252 473 599 1105 1183 1829
420 431 936 1363 1768
317 501 1202 1962
49 1830
262 1129 1169 1226 1733 1792
417 1081 1221 1225 1638
4 453 665 1118 1838 1866 1957
479 1067 1263 1618 1957
159 390 823 1357 1385 1453 1873 1932
301 514 545 718 775 807 888 923 1138 1469 1597
306 397 807 890 924 1118
9 241 559 804 1044 1141 1363 1682
59 645 903
995 1041
96 637 875
100 545 1098 1100 1364 1514
226 252 430 931 982 1046
786 1261 1897
169 921 1194 1516 1592
93 462 672 903 1201
238 1255
314 486 958 1364 1421 1561 1632 1669
69 455 733 840 1483 1600 1939
4 237 541 1607 1722
176 934 1087 1391 1453 1962
111 1324 1631 1979
289 1505
204 275 561 846 1387
425 560 665 672 977 1876 1903
270 1682 1781 1910
587 1368 1414
9 945 1137 1526 1570 1628
301 344 357 1400 1754
32 321
268 312 427 582 1307 1526
334 573 1042 1089 1095 1103 1112 1277 1402 1615 1717 1895
255 912 1227
7 573 706
455 564 715 1391 1966
65 112 319 355 1038 1095 1118 1421 1918
674 1253 1358 1499 1608
345 528 1376 1554 1742
20 1470 1514
21 124 911 1303 1998
147 268 1170 1235 1723
176 360 663 1057 1070 1389 1653
281 965 1287 1308 1944
1645 1799 1958
44 90 152 208 627 1019 1578
712 819 1017 1142 1262 1291 1357
721 862 1301
558 1014 1147 1771
280 394 731
154 487 563 605 662 1205 1223 1247 1380 1969
35 715 1520 1686
44 405
112 196 401 588 628 679 923 1369 1372 1629
43 80 281 644 805 1084 1389 1546
614 821 1070 1670
82 356 731 881 1352 1369 1843 1951
1410 1725 1901
59 297 449 514 681 761 796 1368 1633
133 365 398 481 605 1335 1958
101 272 975 1008 1505
206 250 1197 1228 1886
416 811 1044 1095 1237 1496
318 372 1441 1801
45 182 341 772 1466 1711
264 290 333 414 560 623 1123 1127 1380 1484
56 251 267 1445 1614
383 683 1079
1242 1458 1616 1721
41 786 1633 1812
124 782 902 1352 1584 1823
678 764 836 971 1203
87 894
108 701 1018 1478 1919
141 582 1681
856 1266 1344 1385 1436 1488 1664
133 407 632 865 1686 1791 1798 1940
110 417 477 1271 1514
455 603 613 1501 1721
81 373 938 1011 1173
4 637 1907 1958
875 1370 1391 1529 1854
628 727
1050 1069
531 1393 1975
112 901 1516 1790 1818 1972
724 919 969 1172 1796 1958
401 582 1069 1277
184 988 1043 1304 1429 1827 1840
829 899 1588 1770
151 1074
33 111 1416 1942
267 1672
336 367 536 1545 1643
541 738 1728
259 674 831 1210 1831
137 833 1082 1749
1009 1172 1325 1742 1755
130 268 296 327 1142 1616
231 1206
49 241 1507 1750
303 383 396 461 1218
620 993 1064 1751
261 971 1120 1511 1670
512 1213 1789 1849
638 661 838 1195 1222 1269 1880
70 196 287 537 1044 1377
322 435 661 721 1493
641 687 1080 1108 1121 1825 1969
894 1318 1746
36 183 429 717 1323 1334 1500 1585 1682
1258 1606
151 431 1405 1906
343 1408
155 793 1130 1338 1410
292 424 1131 1676
37 335 557 765 1364
648 1435 1544 1645
393 651 1112 1277 1346 1880
451 556 1402
87 681 841 1088 1383 1817 1985
227 468 494 557 1043 1087 1855
185 296 317 322 561 624 1268 1415 1759
33 644 921 1103
1112 1133 1190
1105 1389 1674 1872
311 321 574 828 1899
85 290 649 801 952 1094 1243 1492 1531
901 1156 1291
669 749 1065 1303 1411 1486
16 64 137 982 1208 1213
162 241 878 1771 1860 1912
20 391 679 1226 1524 1729
573 754 776 1124 1836 1894
71 857 1118 1314 1954
14 125 258 1163 1267 1762
79 308 373 683 828 903 1464 1983
448 508 719 822 955 1818
7 36 344 1499 1887
124 622 664 902 1130 1319 1509 1888
381 503 1115 1912
315 968 994 1401 1446 1670 1767 1883
226 759 766 1290 1537 1651
266 558
889 1137 1261 1322 1583 1622
219 371 976 1065 1476
875 958 1072 1496 1901
87 576 646 1796
323 516 625 1166 1550 1698
214 1245 1479
252 527 545 1435 1500
162 231 336 663 914 1077 1721
438 1691
105 140 1745
170 220 292 311 875 1242 1297 1600 1782
318 822 861 1734 1880
8 191 203 1708 1850
581 1000 1069 1156 1343 1535 1742 1833 1903 1948
758 884 1088 1400 1616 1826
49 280 427 689 767
357 1422
85 175 288 657 701 958 1254 1410 1566 1583
303 470 1618 1670 1996
560 1247
38 206 299 589 1043 1063
403 1251 1676 1770 1834
433 577 843
4 395 588 790 882 1026 1974
115 959 975 1622 1887 1915 1993
443 824 882 981 1236
30 101 561 828 873 1073 1818
616 956 1911
853 874 1196 1231
246 925 1886
675 796 868 880 1422 1477 1726
283 1617 1798 1898
1478 1585 1849 1865 1907
909 1688
151 213 782 800 1194 1377 1679
1640 1688 1824 1827
29 431 501 691 1053 1380 1920
1527 1669 1803 1849
330 594 1494 1791 1991
404 738 956 1365 1740
76 952 1126 1257 1356 1490
134 417 773 1025 1863
258 1532 1565 1593
821 878 1067 1074 1227 1542 1558 1785
372 802 853 1188 1307
831 866 1009 1164 1707
123 402 941 965 1213 1250 1927
379 472 1325 1910
228 469 544 549 994
386 784 823 1732
294 356 517 559 672 727 1045 1244
334 1614 1897
253 753
256 1763
687 706 840 1566 1752 1893
611 1272 1669
221 383 494 564 1144 1986 2000
217 665 1294 1410 1480 1654
115 252 317 328 1082 1356 1526 1552
747 1340
189 381 384 822 1043
100 122 386 443 1166 1855
110 224 234 530 674 675 884 1220 1305 1648
348 1002 1020 1222 1557 1878
284 328 713 715 730 989 1346 1685 1688
911 1859
286 762 1798 1835
323 953 967 1276 1740
78 921 1000 1137 1215 1962
280 708 1441
171 438 1102 1192 1814
438 745 1667 1719
728 1052 1146 1419 1966
113 659 1101 1297 1507 1577
211 248 506 1607
558 1204 1601 1905 1940 1971
20 370
94 98 610 813 841 1441 1825
264 1134 1586 1628 1908
425 1495
80 206 264 402 1570
738 1104 1686 1696 1755
275 303 1441 1930
876 1060 1380 1503 1798
35 196 244 980 1425 1679 1733 1940
187 735 1979
196 374 482 1276 1526 1709 1908
258 445 1011 1190 1374 1568 1571
189 308 531 1044 1441
16 221 946 1104 1737
248 1657 1714 1912
811 823 1094
634 657 682 1076 1307 1341 1792
574 1066 1142 1254 1441
1133 1657 1744 1820
150 202 228 257 707 1662 1840
410 753 1043 1223 1402 1609
462 549 618 634 671 909 1039 1324 1664 1691 1697
784 955
685 690 790 1014 1076 1113
42 238 408 1101 1346 1729
23 393 548 689 897 1738
457 833 1331 1489
897 1263 1554 1614
791 1585 1657
824 1532 1707
19 99 324 853 1109 1352
105 279 707 854 1228 1380 1693 1931
441 1842
321 449 772 1045 1198 1424
154 1489
26 870 1544
288 379 383 826
859 890 1734 1975
779 1266
893 943
3 6 202 484 594 834 892 1188 1600 1944
147 972 1001 1154 1272 1840 1948
8 65 88 140 177 402 497 1149
373 1140 1540 1799
722 890 932 1148 1620 1804
572 651 898 1358 1560 1763 1804
253 328 411 668 1834
888 995 1286 1391 1538 1782 1812
429 859
545 1063 1103 1256 1633 1663 1826
154 344 732 754 893 1403 1723
305 1413 1433 1737
91 272 479 725 1075 1219 1342
96 1175 1474 1523
243 530 1402 1706
696 1831
70 439 1129 1658
267 1040 1836
109 822
372 434 893 925 1208 1330 1571 1687 1807 1815
3 51 387 465 542 576 616 630 1130 1173 1231 1923
121 174 231 415 476 536 1259 1297 1629 1703 1811
133 539 589 744 1026 1226 1247 1295
205 715 1666
152 183 279 768 799 1636
824 1213 1769 1956
349 390 491 852 1104 1314 1840 1983
273 649 848
856 1026
1492 1760 1770
620 658 1206 1505
336 505 1271
344 1342 1420
287 760 927 1831
1043 1733 1791 1818 1835
77 246 1199 1602 1804
677 978 1686 1908
724 727 1203
108 231 677 789 1442 1749
149 183 835 951
211 540 755
417 1678
210 391 455 555 948 1069 1183 1331 1371 1761
475 1127 1201 1766 1911
55 115 791 1834
588 668 904 924 976 1141 1387 1486
504 542
498 653 1272 1665
89 205 728
241 469 576 637 1100
124 267 1456 1597
799 973 1977
20 125 129 521 719 736 1085 1147 1457 1771
648 993 1164 1308 1822
100 241 374 1612
441 639 1370 1430 1770
229 333 1019 1198 1386 1480
390 1580
280 1932
419 1032 1275 1910
117 674 894 918 1277 1501 1654
48 821
43 1244
531 541 828 1144 1182 1298 1346 1596
296 540 682 893 1728 1730
447 539
316 344
27 242 944 1304 1551 1937 1947
6 499 833 916 1019 1581
56 205 452 942 1528
241 429 802 1151 1201 1298
484 516 990 1037 1282 1463 1676 1827 1842
168 405 489 943
682 1394 1547
81 103 169 322 849 1052 1643 1971
362 655 1491 1910
1169 1210 1347 1549 1589 1854
580 1097 1559
434 521 614 620 919 1168
1024 1668 1838
1060 1839
39 850 1741 1757
129 242 374 899 1145 1886
270 710 1071
74 240 876 1164 1318 1880
68 303 362 901 973 1639 1652
1562 1727
628 873 919 954 1165 1729
1317 1716 1897 1979
958 1709 1792
841 1262
334 632 716 1126 1402 1738 1769
23 588 973 1071 1380 1416 1494
35 221 766 894 909 1104
556 652 668 975 1836
43 861 973
206 328 1755
77 116 129 837 964 1032 1474 1641 2000
165 175 405 494 763 1619 1785
7 57 80 406 413 1514
379 383 947 1153 1881
330 571 587 1557
130 528 1688
588 881 1454 1531
733 1200 1214 1910 1979
328 940 958 963 1649
503 518 600 1101 1989
559 848 1315 1463 1554 1886
30 185 276 1069 1265 1425
575 1009
861 988 1266 1582
721 773 1460 1492 1729 1865
406 1226 1377 1525 1896
121 311 466 682 963 1129 1355 1535
36 179 597 859 997
560 1550 1641 1838
340 719 728 735 1971
424 1139 1430 1742
89 201 246 475 515 1982
841 1035 1377 1399 1783
404 1115 1425 1610 1794
64 268 448 1215 1476 1530
311 1250
657 1616
232 782 783 1152 1173 1361 1579
308 408 420 802 895 1355 1395 1480
7 773 867 1014 1932
668 715
22 44 78 836 1340 1623 1741 1929
118 271 949 1679
302 517 606 646 1125
66 210 319 566 817 1055 1412
47 162 1088 1140 1237 1342 1523 1673 1953
1203 1755 1999
530 717 933 1163 1209 1247 1683 1932
770 948 1809
305 409 1287 1991
1411 1892
512 586 641 923 1371 1567
20 217 772 916 1142 1502 1681
105 878 1222 1244 1542
484 548 650 1233
583 1034 1604 1953
23 513 931 1118 1325 1835 1855
275 1198
173 1300 1706
196 1539
1022 1270
335 344 1146
91 211 1058 1913
200 351 513 1329 1429 1602 1680
373 403 1074 1947
79 618 1093 1777 1974
13 41 839 901
1028 1846
80 267 802 1448 1656 1957
735 831 1237 1349 1425 1607 1842 1863 1957
16 225 498 631 1174 1546
279 627 1990
1215 1723 1944
545 1112 1295 1910
521 612 627 1822 1855 1924
1008 1325 1364 1396 1561 1929
3 88 112 157 513 555 569 816 953 982 1411
364 936 1172 1308 1460 1534
1336 1338 1417
383 622 928 931 1349 1815
27 1222 1326
125 460 1642 1845
468 1369 1883
594 1348 1464 1566 1600 1662 1746 1749 1896
166 655 672 1133 1311
359 765 992 1368 1623
22 139 519 588 735 1346
295 661 1083 1580 1902
309 584 666 1124 1604 1865
119 347 405 619 1133
261 346 655 754 1363
295 442 1033 1630 1926
345 633
79 627 706 1281 1330 1367
315 346 444 814 845 1036 1249 1325 1553 1628 1980
31 258 402 435 484 881 1328 1664
147 1009 1532
103 721 1282 1857
817 1152 1438
1088 1404 1493
102 628 1383
21 66 255 1357
598 786 1616 1665 1989
402 832 1326
19 49 233 341 574 1897
49 232 311 399 497 943 1069 1146 1340 1382 1650 1932 1966
168 664 928 944
90 1137 1600 1905 1919
133 626 1321 1934
112 437 650 1380 1944
261 690 1521 1731
975 1283
473 1164 1204 1758 1792
906 1371 1455 1505 1907
120 178
494 1789 1915
43 610 901 1011 1448 1490
430 1148 1815
48 430 1078 1378 1896 1976
29 141 196 828 1732
1294 1460 1584 1639 1801 1819 1959
89 357 522 715 856 890 918 1055 1211 1876 1944
1078 1218
287 1600 1722 1843 1936 1968
121 565 753 1756
588 754 1775
544 651 856 1455 1632 1914
153 302 482
299 513
55 865 1241 1317 1844
93 96 186 292 388 632 875 1282
73 343 839
98 164
43 122 163 932
96 559 745 1175 1582
125 159 1195
109 573 584 960 1531
410 904 949 1620
1052 1367 1502 1557 1887
126 476 1287 1294 1676 1687
47 793 952 1185 1307 1535
652 805 975 1167 1585 1868 1920
296 1478 1858
219 589 719 1022 1395
45 242 875 1053 1608 1749 1854
86 1026 1360 1766 1823
1143 1171 1401 1633 1656 1815
372 1259
1204 1346 1370 1378 1883 1966
199 800 975 1226
592 626 1104 1960
530 742 1607
37 262 967 1726 1919
449 1184
89 128 272 303 547 1265 1464 1681 1792 1958
107 549 756 948 1447
96 1454 1756
184 1444 1613 1694 1754 1857
32 187 405 544 663 1022
15 479 884 1929
241 288 331 1272 1732
31 390 421 1222 1298 1983
239 319 1024 1292 1681 1865 1982
556 820 969 1172 1324 1757
713 1482
176 258 543 994 1602 1765 1836
265 486 504 593 968 1022
405 739 977 1642 1980
94 252 406 428 633 986 1266 1682
160 275 976 1050
118 1209 1220 1377
281 678 1732
306 331 575 603 1062 1422 1505 1537 1836
473 1163 1184 1474 1536
65 1072 1210 1796 1883 1934 1954
179 776 945 1771 1899
305 467 901 1151 1410 1878
87 195 250 374 442 461 866 1771 1810
580 1203 1993
191 1181 1434 1837
550 589 828 964 1260 1679 1827
657 727 922 1038 1187 1289 1900
172 588 717 960 1166 1831 1988
93 97 576 1039 1226 1380
845 898 1112 1165 1374
382 1474
163 295 598 1206 1225
750 1068 1074 1225 1374
55 119 186 242 728 1544 1839
59 124 674 1170 1270 1331 1367 1483 1568
386 478 705 1446 1702
89 161 727 810 1043 1441 1840 1854 1878
114 281 327 419 421 466 512 1267 1642 1783
678 876 1009 1291 1363 1514 1777 1843
67 157 295
101 1882
80 187 277 515 707 1061 1435 1517 1729
1279 1675 1711 1854
174 656 889 1794
182 1127 1131 1227 2000
346 1096 1111 1209 1602
544 1113 1658 1705 1826
73 778 1291 1767 1902
322 422 936 1226 1864
315 1250 1435 1828 1836 1979
499 534 600 641 1108 1313 1575 1708 1962
95 431 434 833 876 1707
73 128 157 299 327
23 303 555 712 835 855 998 1069 1331 1638
270 501 518 1110
229 1032 1269 1734
17 206 561 1239 1409 1707
658 937 952 956 1006 1037 1289
47 465 1250 1451 1471 1556 1576 1600
1156 1167 1231 1897
95 320 707 752 998 1979
688 918 1416 1526 1667 1929
17 1716 1763 1899
137 829
415 878 909 1640
65 87 188 1259 1682
171 306 831 1253 1264 1391
285 1125 1472 1777 1906
34 349 844 1451 1637
508 898 1472
311 566 571 738 902 1173 1554
113 300 1276 1502
98 117 1792 1804
480 725 1069 1558 1792
28 211 381 1131 1771 1810
1449 1667 1829
16 1137 1208 1333 1412 1449 1560 1639 1927
371 1668
1165 1295 1453 1559 1743
3 272 564 1440 1785
934 1225 1709
32 178 188 203 993 995 1088 1165
421 1078
47 56 1101 1359 1804 1956
633 853 1355
709 1050 1710
599 767 1046 1213 1713 1837
19 1128 1344 1646
513 1103 1420 1533 1845
796 845 1140 1290 1330 1729
130 198 447 1065 1208 1377 1381 1570 1732
227 236 809 1117 1124 1126 1378 1731 1868
769 806 835
45 105 441
534 556 832 919 930 1005 1312
550 1214 1428 1897
60 225 249 641 852 1098 1127 1172 1509 1538 1589 1727
163 306 891 1465 1665
232 1126 1500 1734
438 478 571 898 940 1032 1706 1744
187 630 1956
255 806 831 888 1227 1538 1593 1685 1983
965 1691
218 1129 1182 1373 1428 1900
48 560 801 1874
296 315 1268 1806 1862
3 166 1125 1282 1351
159 303 1357 1378
242 1023 1124 1921
701 1076 1445
43 188 278 523 790 919 1932
327 360 723 973 1129
108 530 639 1129 1638
706 842 873 904 1436
305 505 618 1384 1777
407 555
16 782 853 1102 1201 1517 1536 1592
430 620 1721 1835
130 957 1531 1888
288 422 482 539 1349
239 489 500 581 926
250 1222
7 20 107 319 1549 1666
216 410 672
802 953 988 1013 1227
20 790 1934
3 175 1385 1749
171 395 728 1328
243 805 1226 1561 1822
573 640 819 1141 1971
366 1378 1381 1542 1962
456 1071
185 292 381 389 1563
236 916 977 1057 1355
1297 1960
306 831 1357 1478
1153 1751
4 150 611 753 1139 1189
115 295 742
82 659 684 1138 1191 1590 1610 1677 1718
80 1034 1325 1444 1804
131 512 773 1448 1549
140 1001 1790 1891
269 328 1008 1055 1374 1433 1501 1858
39 199 958 1156 1537 1757 1790 1827
650 695 734 1839
1359 1450 1861
1346 1638 1643 1685
503 519 549 620 698 753 902 912 1397 1605
420 935 1355 1438 1683
17 101 262 555 684
1124 1174 1467
121 707 739 1060 1674
81 82 600 1221 1768 1794
569 805 1018 1105 1195 1704 1825 1872
125 279 880 1374 1694 1862
889 1000 1013 1204 1353
360 611 739 991 1340 1836
264 1883
1702 1796
250 613 1009 1101 1386 1639
486 614 876 1101 1936
668 736 988 1516 1799 1833 1913
1410 1912
460 925 1902
297 473 614 756 1460 1532
128 882 1166 1932
400 519 984 1104 1108 1323 1438 1598 1762
1029 1383 1387 1696
245 840 1005
182 841 1576 1785
109 1071 1149
60 310 556 1368 1869
536 563 1953
3 1088 1149 1222
112 319 704
173 237 272 428 535 548 877 1178 1534 1750
72 294 896 1169 1404 1481 1803
889 1126 1500 1666 1708 1967
891 1087 1208 1643
15 193 504 1254 1484 1496 1688
524 559
65 436 439 654 997 1037 1045 1115 1133 1499 1903
31 507 1922
123 229 402 497 687 782 1129 1241 1450
1325 1371 1977
540 622 895 969 1517 1916
123 248 292 820 937 980 1299
76 225 464 789 987 1234 1420 1791 1916
657 843 875 960 1386 1589 1763 1976
204 452 479 673 733 980
80 1139 1323 1462
256 510 821 905 1219 1425 1611
183 266 301 303 401 521 832 1046 1650 1880
194 260 307 519 564 713 929 933 966 1514 1827
410 461 515 968 1255 1300 1464 1487 1679 1800 1863
182 587
95 644 740 1745 1771
411 418 1069 1413 1414
16 242 360 580 1053 1561
64 206 1156 1242 1448 1626 1780 1844
82 231 480 489 1331 1517
399 765 1065 1227 1740 1758 1897 1911
447 1197 1204
89 344 358 967 1400 1844
87 575 699 878 999 1163 1305 1423 1775 1839 1919
258 330 654
715 1319 1439 1934
192 513 722 1953
342 600 727 1840 1877
109 181 301 305 821 1238 1436 1574
3 28 69 1043 1150 1305
165 448 613 718 1714
247 915 1674
27 485 1247 1367 1857
345 800 880 1309 1733 1962 1979
1843 1953
328 540 734 764 765 858 1100 1182 1385 1671
371 796 1058 1911
12 265 857 1349 1622
155 547 562 715 973 1201 1463 1556 1830 1836 1889
4 41 182 1578 1782
233 646
66 109 187 260 347 1664 1762
343 1454 1566
34 94 268 871
213 217 958
279 458 514 687 756 1176 1193 1244 1565 1681
129 227
469 618 1114 1954
254 428 443 1509
184 625 867 1332 1404 1444
93 644 851 1120 1763 1837
391 618 1585
277 1613
477 789 888 955 1294
333 1190 1314 1951
42 835 888 1122 1711 1763
143 260 273 424 601 640 723 1317
422 462 508 770 1616 1698 1702
272 317 547 1085 1537 1646 1732 1988
237 566 1355 1507
66 361 480
52 475 1161 1600
419 656
34 46 264 329 479 1662 1704
7 186 327 819 1209 1228 1324 1719
1705 1710
285 841 914 1687
173 270 836 1453 1516 1767
227 806 851 1516 1616 1934
482 541 824 1160 1891
144 538 579 1789
781 1106 1407 2000
172 202 385 941 1116
344 515 1174 1260
150 327 623 785 1667 1669
117 176 279 521 664 823 824 1146 1148 1247 1486
413 434 1262 1834
186 268 341 455 840 1150
31 495 1807 1848
383 539 586 646 886 1123
371 1110 1159 1756
227 902 1493 1544 1899
213 668 763 1882
369 985 1683 1751
155 162 420 1130
232 455 727 844 889 1270 1579
35 539 1665 1765
516 1038
115 652 943 1072 1147 1691
394 963
124 243 1318 1325 1500 1890
1478 1558
541 811 1920
1027 1092 1190 1268 1507
115 844 1105
303 525 562 1089 1203 1951
4 45 168 782
292 840 1177 1514 1528
141 695 1170 1373 1662 1803
100 369 1014 1485 1774
627 773 881 936 1322
318 391 655 678 807 850 947
232 625 744 881 1719 1728
1254 1287 1562
225 511 1476 1674 1852
28 1485 1798 1893
555 1435
46 440 468 675 931 1681 1728
239 595 716 826 1147 1554 1608
352 948
129 588 614 944 1081 1153 1287 1420 1559 1686 1866
721 834 861 940 1272 1484
245 526 1381 1733 1859
76 324 325 821 884 1064 1140 1429 1794 1989
28 303 462 514 744 1019 1663 1824 1926
188 1338 1978
704 1277
1092 1261 1872
74 99 377 431 927 1022 1623
54 503 1190 1325
134 485 489 737 1043 1130
271 1116 1266 1755
23 429 468 508 610 717 1726 1745
255 298 614 1472
221 947 1281 1772
419 623 637 927 946 968 1807
97 276 500 988 1241 1316 1336 1499
306 573 576 831 1087 1198
16 130 136 142 684 1550 1693 1924
425 611 687 1410 1970
478 717 1159 1547 1707
323 1425 1494 1549
651 1350
74 176 345 767 1615 1899
404 534 1227 1733
21 196 1842
163 544 1206 1292 1451 1513 1847
600 926 1097 1148 1771
601 1129 1140 1229 1536 1679
264 760 1745
958 1854
98 210 383 388 588 791 1411 1812 1980
66 257 759 867 933 1552 1899
817 922 1186 1990
80 861 1252
150 407 559 561 793 1171 1463 1737
65 285 805 1552 1791 1978 1982 1986
237 648 1557
14 1140 1402 1413
40 346 699 1387 1978
1120 1270 1561 1623 1900
61 78 671 1121
19 720
1534 1543 1716 1912
424 535 1636
36 1077
77 552 1060 1137 1763
382 1772
604 1451
188 718 833 1371 1702
944 1303 1340 1472 1501 1791
133 704 874 881 1014 1389
926 982 1077 1344 1538
394 511 1089 1125 1645 1722 1854
341 766 1403 1483 1578
678 1294
1305 1331
291 728 801 916 1039 1463
637 1058 1802
40 438 778 1322 1663 1714 1726 1838
886 1437
1099 1463 1961
879 1251
167 218 477 988 1856
266 709 1639 1902
107 400 1384 1649
659 1039 1249 1352
217 280 649 1403 1668 1669
1433 1744
800 809 1186 1359 1367 1453 1888
124 173 368 397 1093 1227 1328 1659
1093 1208 1370 1544
250 819 980 1683
67 357 566 787 1150 1201 1222 1253 1460 1479 1625 1631
541 662 712 1270
33 281 637 1325 1386 1444 1633
316 610 662 1190 1479 1584 1673 1793 1819
22 46 630
1383 1478 1734 1862
473 763 805
125 706 820 968 1161 1264 1665 1863 1886
431 713 1058 1226 1452
167 770 926 1574 1822
346 827 975 1084 1400
288 566 817 1264 1838
472 505 672 1002 1266
213 464 472 924 1623
368 797
137 292 701 916 1153 1215 1227 1370 1452 1797 1900 1971
251 1327 1636 1964
407 608
5 12 1058 1739
205 709 1042 1782
118 674 1653
829 1517 1728 1926
301 303 346 1100 1117 1242 1544 1585 1662 1780 1875 1983
55 210 743 1032 1243 1605 1715 1899 1932 1955
513 595 628 821
105 258 401 744 1067 1100 1702 1742 1762 1905
268 351 366 658 975
468 760 1301 1509
368 1793
531 1679 1683 1693
34 589 633 643 796 1113 1115 1231
220 1264
115 707 1936
213 327 1526 1723 1799
427 993 1607 1746
229 837 1142 1835
131 894 952 1526
59 631 689 1290 1689
312 495 624 1610 1690
46 517 1862
633 1550
193 350 1097 1215 1447 1966
12 91 163 657 694 1804
291 382 580 616 851 1091 1662 1854
659 2000
479 779 800 1153 1308 1957
234 242 684 793 1129 1300 1557 1862 1974
196 383 1404 1800
399 401 1518 1743 1818
494 1264 1498
487 772 908 1352
19 691 1034 1582
47 341 540 910 964 1303
136 199 1857
35 327 571 1384 1480 1894
193 283 390 878 1757
122 502 1056 1133 1167
404 539 1066 1603
270 498 1802 1833
19 52 296 1313 1500 1656
196 357 745 843 1153 1483 1492 1571
713 782 1071 1188 1834 1929
410 522 553 894 1523 1810
171 654 687 971 1029 1098 1201 1745 1804
24 431 898 1331 1380 1460 1884
292 540 699 792 1754
175 539 611 861 1660 1703 1866
262 486 1545 1593 1668
229 281 306 486 746 839 1034 1674
438 1517
27 56 100 217 500 538 711 802 856 1281 1555
22 333 1228 1686
20 284 521 823 1790 1993
580 829 968 1017
651 767 1409
129 707 904 1002 1315 1536
44 289
100 111
1004 1060 1163 1353
129 137 349 931 1038 1661 1894
260 509 931 1478 1951
438 464 806 1050 1763 1769 1975 1976
209 417 1267 1385 1607
60 419 1278 1890
520 1529 1717 1814
104 760 782 1666
210 606 1594
1484 1674 1827
21 831 1112
33 57 79 637 979 1167 1574 1645 1993
65 129 1331
539 559 738 1412 1433 1842 1912
545 965 1705 1710 1772 1940
183 196 494 847 1071 1360
676 785 1231 1993
65 627 1150 1247 1904
41 229 442 549 575 837 906 1466 1493 1669 1905
1101 1453 1942
206 810 897 994 1100 1295 1659 1825
60 1259
22 781 881 1025 1163
289 880 1209 1334 1507 1516 1815 1851
84 260 533 547 942 1103 1108 1428 1615 1655 1899
20 445 531 584 1126 1201 1282 1734 1745 1991
750 1029 1040
470 659 968 1435
188 1020 1509 1716
781 855 866 919 1403 1736 1903
33 855 1105 1159 1172 1353 1603 1749 1823 1899
162 583 613 1904 1990
737 1224 1839 1840
497 534 845 936 1234 1556 1837
35 124 727 909 1001 1451 1476 1740
196 204 445 474 544 859 1259 1305 1351 1947
733 1818 1897
255 891 1077 1671 1708 1740
821 1567
867 870 1371 1412 1431 1474 1665 1714
47 416 1101 1113 1804 1814
497 566 763 1050 1097 1127 1139 1252 1298 1739
246 766 1533 1744 1783 1825
437 767 1222 1906
583 937 1074 1940
60 347 1098 1319 1429 1873
248 292 297 325 644 817 855 1140 1924
901 1043 1190
44 252 597 699 1338 1998
799 1067 1117 1352 1957
426 474 581 980 1490 1656 1810
82 201 419 889 1203 1485 1630 1891
643 664 967 1005
390 391 779 820 971 1070 1219 1374 1938
1105 1370
514 738 860 1936
482 826 1383 1499 1505 1944
183 232 1416 1964
408 560 1381 1430 1721
134 1180
43 216 681 789 806 1745
889 899 1020
1095 1658 1836
151 451 560 652 682 1934
473 1051 1123
678 764 1019
424 478 1139 1597 1804 1904
6 227 405 448 474 799 1147 1292 1720
12 21 205 216 266 281 607 659 682 1140 1466 1870
431 990 1019 1416 1926
611 1298 1770 1985
343 774 852 995 1002 1292 1924
288 646 703 840 966 1511
54 449 594 609 1046 1448
637 1343 1756
307 397 520 817 936 1215 1273 1649
516 1263 1300 1381
215 494 639 732 837 874 943 1161 1471 1586
538 575 666 673 1120
74 1037 1419 1624 1733 1759
54 308 802 823 1050 1399 1544 1796 1904 1932
195 538 633 1146
185 1167 1277 1534
468 549 658 1471 1543 1597 1673 1740 1912
152 190 327 1037
7 620 627
79 338 474
242 831 1082
723 962 1050 1166 1447 1682
286 625 713 845 1779 1949
442 1018 1652
1274 1391 1472
26 210 1019 1098 1460 1623 1757
472 1088 1096 1675 1798
200 229 765 793 1357 1438 1441
79 129 221 270 1257 1874
6 574 582 1315 1529 1885
46 653 790 1340 1376 1607 1939
285 1083 1169 1497 1864 1961
425 734 1671 1871
171 206 662
622 731 808 902 925 1051 1831 1899
105 108 186 1507 1732
515 756 1244 1636 1657 1897
369 683 783 1134 1456 1676
220 921 984 1247 1753 1967
755 1323 1425 1463
436 559 573 600 664 973 1298
790 1305 1450 1734 1789
279 733 758 984 1161 1412
122 219 366 767 1622 1688
93 121 176 287 473 1457
291 398
307 334 381 530 762 1112 1138 1621
227 295
375 1394 1555 1575 1771
336 1531 1777 1908
71 80 117 151 291 351 592 1735
124 360 754 1002 1022 1411 1717 1890
1544 1728
765 940 1152 1877 1942
174 1370 1377 1691 1989
292 1244
724 1081 1853
52 393 1083 1665 1668 1912
47 188 658 757 1470 1517 1703
661 1706 1780
812 822 1005 1052 1226 1321 1375 1451 1658 1725
46 471 1034
111 308 407 625 709 1191 1814 1845
343 558 1183 1637 1906
334 689 819 1043 1409 1907
468 573 661 694 712 1112 1913
271 411 615 1004 1307 1721 1727
36 147 391 899 1335
790 1444
111 137 149 223 254 348 1020 1357 1386 1438 1639
307 1639 1750 1770
120 168 1034 1244 1352 1469
347 394 414 628 709 826 1077 1359 1874
182 318 941 1554 1758 1869
149 488 1746 1869
208 461 527 603 609 1109
33 128 1261 1429 1555
140 187 1032 1570 1701 1747 1897 1929
3 237 952 986 1453 1626
336 351 752 1286 1367
6 54 726 778 886 975 1142 1528 1769
776 809 1128 1300 1584
498 1055 1070 1576
886 1112 1228 1394 1767 1882
868 1020 1286 1507 1899
225 243 765 919 1095 1915
430 556 1288
45 1386
67 633 1008
1344 1511 1575 1833
34 487 1825 1965
29 93 175 445 530 554 867 943 1253
28 371 1643 1869 1980
155 772 779 929 1123 1558
93 231 445 566 567 677 1633 1889 1901
166 289 1188 1565
410 573 793 1064
257 301 397 624 1093 1733 1991
243 627 1133 1380 1518 1617
69 387 711 924 1050 1282 1516 1851 1886 1999
31 262 271 1710
391 1177
196 742 927
107 524 1242 1514 1568
1355 1694
289 407 1534 1716 1762 1771 1837
772 1247 1463 1982
48 344 433 463 571 717 1582 1810
9 1643
438 702
1236 1567
117 444 722 754 1087 1619 1801
42 153 1044
253 975 1118 1244 1294 1328
306 760 990 1020 1024 1372 1706
34 106 351 1277
924 1069 1501 1733
189 236 600 864 1477 1519 1757 1799
1228 1355
30 1088
110 116 677 932 1758 1870
942 1780
843 1738
260 289 900 1282 1782
155 523 779 877 1975
693 1310 1519 1826
227 1290 1516
133 516 1289 1974
114 150 589 1196 1583
829 1558 1670
444 473 901 1152 1952 1971 1999
50 439 824 1326 1614
677 1173 1960
12 1022 1403 1421
474 1197 1838 1896
556 1416 1536 1907
1590 1614
136 312 327 469 699 760 775 1148 1745 1913 1992
23 41 288 646 1326 1344 1502 1801
283 967 969 1777
133 242 562 565 594 1051 1219 1799 1826
1173 1200 1471
175 312 426 1268
765 1006
231 592 804 1100 1276 1638
428 1506
129 782 898 1536
294 427 571 1423 1511 1534 1842 1867
17 1027 1197 1372 1448 1597 1763
23 1138 1497 1975
550 1118
101 338 652 1939
280 1416 1601
53 964 1055 1242 1886 1947
51 288 493 890 1005 1372 1668
375 623 831 1862 1877
104 281 312 432 1351 1393
363 1328
159 233 267 279 1721 1866
99 261 1019 1723
52 101 1422 1517 1559 1676 1812
20 124 1093 1505 1617
141 182
750 859 873 998 1460 1616 1859
143 776 1191 1650
266 285 724 1005 1009 1340 1683 1987
690 865 927 998 1905
420 868 1886
163 814 1359 1577 1728
216 623 666 701 1405 1608
735 1491 1710 1819
66 162 627 1011 1129 1607 1615
228 769 1733 1838
817 993 1040 1088 1905
24 173 327 519 582 592 1020 1281 1361 1391 1537 1971
231 270 624 793 974 1298 1869
336 1220 1334 1529
116 1597 1678 1922 1958
732 1225 1258 1476
523 628 780 1945
94 204 640 734 1094 1474 1704
49 457 987 1295 1374 1415 1708
45 196 766
13 604 848 1430 1561 1636
56 477 800 1280 1368 1474 1493
640 977 1017 1843
292 377 383 1040 1140 1509
1145 1242 1454 1470
601 605 1656 1952 1972
345 471 1301 1333 1623 1668
97 463 565 626 627 859 931 1219 1265 1474 1566 1744 1819 1903
79 610 960 1094 1344 1506
15 1140 1228 1532 1712
1222 1419 1785
278 861 1032 1126 1218 1575
1023 1511 1750
323 434 523 1810
34 189 344 351 679 1137 1746
161 314 975 1132 1429
258 931 1161 1563 1884 1896 1953
29 154 324 402 874 1703
791 809 1012 1357 1602 1835
1105 1195 1328 1395 1639
285 361 1463
227 391 442 480 1113 1189 1525
267 371 1303 1593 1669
514 562 639 651 1366 1517 1762 1934
328 980
49 390 511 1308 1441 1597 1669
687 1206 1311 1544
104 494 668 1308 1926 1944
1523 1974
1146 1148 1218 1796
323 494 909 1070 1387 1601 1662 1698 1897 1964
86 151 909 923 1210
1126 1259 1369 1561 1754 1798 1921
587 987 1120 1189 1585
336 923 967 1074 1129
93 425 434 1742 1884
391 865 1515 1585
123 141 257 727 865 1031 1497
3 741 922 1509 1537 1619 1829
424 430 545 796 1834
448 651 942 1154 1189
365 547 1509 1556 1618 1904
323 659 1328 1876
1361 1518 1815
103 345 353 734 735 1069 1134 1304 1324 1348 1515
250 893 1377
89 204 353 476 747 1018 1171 1305 1432 1974
424 449 531 1619
76 245 503 1101 1328 1418 1436 1554
76 312 371 509 631 666 744 1325 1402 1432
371 429 618 942 1055 1390 1863
162 859 880 889 1127
144 472 514 706 1204 1210
81 121 135 256 765 1220 1404 1665 1747
409 1096 1150 1290 1656
746 1171 1688 1732 1744
82 211 639 1563 1656
220 253 420 682 727 1366 1521
118 398 1110 1342 1721 1849
390 543 583 1115 1642
245 944 1607
172 315 538 631 1193 1395
319 654 949 1193
12 373 531 732 884 1821 1822 1953 1990
157 250 986
60 710 1756
65 864 921 1159 1530 1610
876 1113
16 200 278 460 461 1466 1570 1873
49 769 1145 1167 1253 1678 1740 1756 1802 1884
32 518 715 1169 1243 1250 1460 1544
225 665 675 832 1597
862 912 1161 1739 1923
165 769 994 1355 1636 1653 1752
238 369 560 598 1149
56 76 281 394 603 1053 1177
220 369 645 832 1990
890 1197 1387 1611
901 1684 1772 1948 1999
85 413 415 690 807 1017 1664 1772 1904 1957
17 60 198 410 770 1714
192 403 511 757 833 1264 1683
512 1303 1803
229 861 1232 1371 1428 1756
163 225 399 414 1079 1275 1410 1632 1758 1838
391 657 1855
1322 1364
117 457 497 1487 1563
216 230 605 1678
304 1014 2000
165 450 757 833 1046 1883
94 132 309 569
949 996
147 1038 1381 1551 1662
166 489 1268 1358
18 1453
766 966 1193 1460
125 275 1092 1242 1445 1947
646 1034 1120 1223 1377 1875
125 1399 1474
401 527 735 1874
811 1077 1161 1227 1581
37 61 70 82 866 1018 1305
479 703 735 901 1113 1169
22 484 508 630 1422
139 1053 1758
343 903 1674 1687 1739 1773
122 293 308 620 689 865 1225
398 484 505 573 1230
131 1428
159 563 704 1127 1243 1359 1549
71 205 278 994
1373 1507 1729 1756
260 530 737 791 1295 1333 1501 1578 1849
66 1197 1483 1735 1802
87 801 835 1033 1229 1681 1980
4 155 632 794
23 51 514 1149 1781 1918
205 377 419 721 799 1514 1762
379 804
486 779 920 971 1334 1385 1537 1796 1836 1923 1971
250 317 1425 1739
82 440 619 926 1170 1800 1801
927 1117 1341 1471 1796
1049 1386 1668
76 1219 1659
162 351 968 1052 1140
39 1190 1870
39 948 1953
271 744 1039 1836
555 1331 1934
405 737 889
321 438 487 598 643 989 1647 1829
527 1295 1597
52 658 701 1131 1291 1611 1698 1729
651 1309 1377
562 673 1064 1754 1971
328 1798
221 381 589 655 859 955 1034 1100 1400 1679
82 509 594 843
109 155 499
992 1282 1511 1629
481 1575
317 600 1748
105 1158 1799
111 199 280 1502 1642 1756 1800 1810
141 419 627 884 1170 1709 1792 1861
309 791 840 1669
26 305 878 1067 1107 1379 1914
98 179 278 625 758 1199 1201 1220 1291 1581 1703
671 919 993 1125 1127 1918
129 246 691 711 889 1472
535 1944
303 640 668 854 940 1350
220 504 734 1927 1944
153 372 468 527 1683
26 276 455 776 1878 1984
452 1496 1532 1600 1675
133 1669 1715
189 217 597
404 1152 1425 1758 1875
625 988 1624 1662 1705 1733
258 549 1065 1169 1176 1405 1929
777 826
139 408 1565 1753
73 226 450 899 1097
695 966 1234 1658 1742
51 762 868 936 1315 1478 1982
94 185 259 651 1032 1950
528 919 958 1402 1442 1667 1674 1814
315 766 1044 1661 1976
465 1067 1236 1277 1465 1612 1890
155 1052 1585 1941
787 817 902 1501 1745
485 1184 1483 1754
23 661 1113 1640
157 431 636 678 685 743 1130 1297 1802 1957
110 458 1433 1650 1955
556 1587 1612 1723
538 867 1184 1257 1574 1827
695 781 868 1069 1560 1643
258 335 686 861 874 1789
574 785 1275 1355 1555
491 497 722 1096 1218 1631 1818 1951
867 944 1500
405 1237 1338 1377
81 630 977 1355 1363 1456 1507 1926
283 324 349 547 678 857 1340 1891
16 199 317 368 1674 1885
359 1120 1137 1469 1628 1768
338 978 1922 1999
77 91 1041 1105 1352
109 536 742 1235 1449 1633 1873 1973
250 712 965 1292 1529 1533
236 246 1182 1691
51 583 674 746 1009 1125 1386
102 127 1434
51 101 283 833 1325 1934
281 936 1198 1628
346 648 797 1364 1425
93 534 558 653 1104 1117 1794 1918 1982
168 663 754 933 1038 1492
5 12 653 965 1330 1441
672 940 1080 1260
7 1306 1829
128 576 781 1020
750 969 1550 1810
22 29 409 419 473 543 649 1227 1279 1545 1653 1966
271 278 353 721 840 922 1278 1857
956 1081 1103 1167 1306 1370
63 465 509 936 1411 1451 1597 1600 1794
166 442 1343 1464
1267 1475
630 784 837 962 1094
176 593 843 1038 1682 1935
365 425 449 1255 1479 1815
746 759 960 1126 1186 1227 1659
7 118 171 443 943 1166 1715
37 1126 1498 1587
79 297 302 741 1652
610 732 818 1667
217 1454 1563 1633
419 586 625 1228 1346 1489 1567 1670
22 47 672 1077 1542 1584 1834
294 549 605 889 1076 1789
18 751 1232 1250 1282
640 1342 1770 1864
454 549 1104
323 678 740 949 1642 1828 1842 1859
456 571 619 900 1763
466 580 760 1286 1628 1885
880 882
691 1371 1891
159 252 1175
188 547 737 745 1004 1051
253 421 575 713 775 941 1525
54 1025 1369 1562 1593 1985
29 654 1326 1771 1801 1845 1903 1960
147 392 1106 1407 1707 1731
1481 1697
321 559 652
372 548 1171
933 1315 1531 1536 1653 1731 1932
10 37 96 922 1021
211 284 393 1652
726 916 935 997 1027 1124 1777 1949
1325 1356
275 305 334 1266 1825
415 1037 1239 1426
661 1022 1243 1331 1487 1749
116 248 331 1511 1907
692 1193 1958
425 721 1182 1448 1483 1783
542 715 821 1173 1206 1552 1861
243 1040 1451
184 1682 1844
265 1300 1755 1772 1939 1944
348 357 669 690 829
802 1322 1631 1675 1688 1920
630 687 953 1097 1321 1569 1583 1716 1717
750 1690 1814
188 511 1347 1591
114 220 1139 1308 1587 1738
1368 1559
629 916 1829 1939
415 739 1093 1492 1638 1679 1822 1866 1953
458 610 711 801 1316 1516
183 289 294 426 1050 1581 1656
652 1146 1867
445 653 1342 1703 1721 1819 1820
159 162 390 444 844 1386 1513 1600 1656 1887
541 1378 1517 1652 1726
43 759 1294 1353 1708
69 389 448 494 505 699 1927
371 451 457 540 790 977 1137 1598 1639
56 267 652 1108 1139 1746
584 724 1405
807 1123 1356 1772 1859 1892 1907
258 620 766 1420 1458 1661 1670 1711 1995
344 656 1006
870 1472
1058 1338 1829
946 1781 1827
214 706 770 859 909 1041 1148 1219 1311 1744
1116 1209
200 212 969 1122 1964
308 1850
962 1266
65 105 388 391 564 826 1279 1452 1566
576 886 917 970 1501 1832 1833 1907
261 1360
216 282 489 1371 1645 1800
64 188 211 926 952 1537 1861 1916
176 425 504 1188 1347 1430
758 1374 1511 1818 1998
89 954 984 1472 1896
548 565 711 831 1170 1300 1812
633 819 837 1429 1614 1735 1832 1850
719 1057
371 1053 1093
237 260 433 471 521 730 733 1074 1708
320 699 709 796 1377 1934 1937 1960
36 204 641 725 931 1517
1617 1667 1955
984 1515 1584
253 823 998 1739
447 556 1777
253 411 414 505 722 831 930 936 1112 1560
683 969 1332
196 212 1243 1272 1638 1788
1153 1593 1632 1670 1993
455 1815
173 1825
162 695 755 1267 1355 1467 1721 1814
563 644 1054
8 683 1378 1390 1850 1904
306 1862
185 326 1217 1238 1565
221 444 1463 1714
341 1939
320 829 844 946 1092 1417 1632 1633 1990
334 1016 1031
289 998 1750 1979
457 1730
362 677 1583
48 537 770 829 893 1211 1262 1593 1669
73 141 650 740 1357 1617
971 978 1095 1201 1554 1566 1808
1216 1395
825 837 1240 1348 1503 1727 1798 2000
130 1496 1560 1820
121 430 613 1368 1441 1901
95 167 301 425 1749
349 476 537 731 878 904 1129 1495 1541 1559 1634 1948 1972
99 909 975 1005 1516 1705 1944
38 377 922 1169 1381 1767
213 275 1033 1070 1279 1517 1763
51 331 677 969 1391 1448
336 655 969 1255
34 268 856 1295 1404 1587 1754
108 500 1105
201 431 441 474 807
40 293 622 723 1445 1754
102 232 583 805 846 1620 1756 1777 1815
331 898 977 1042
42 281 295 385 823 1593
563 668 1142
1108 1127 1173 1447
267 721 1841
336 772 1147 1177 1492 1496 1554
3 210 255 742 1524
967 1186 1732
237 1476 1501
889 890 1268 1628 1763
649 1922
171 511 588 684 982 1153 1237 1483 1484 1518
437 1250 1272 1293 1754 1869 1936
172 500 845 1607
391 437 1360 1614
41 171 230 962 1254 1472 1574 1680
53 537 898 1249
82 758 1315 1997
458 661 713 781 832 870 880 1268 1294 1305
21 812 865 1023 1330 1416
408 431 961
225 306 640 674 943 958 1117
790 1487
446 1115 1542 1656
273 343 344 591 1420
327 456 1031 1532 1661 1670 1740 1826
616 687 1123 1150 1181 1990
61 314 433 547 732 861 1725
86 225 617 843 894 1184 1455
279 1043 1939
147 213 952 1582
8 56 372 772 1513
1481 1556 1737
121 540 1038 1758
28 239 658 1072 1159 1276 1709
1064 1111 1421 1866
1193 1209 1500 1508 1782 1862
391 433 444 1324 1410 1476 1707 1782 1989
43 482 675 711 1109 1628 1754
143 436 964 1460 1481 1702
550 565 1077
1171 1259 1728 1875
205 445 538 838 886 1270 1679
348 792 1209 1300 1906
368 544 563 722 1068 1271 1732
423 631 1052 1067 1230 1249 1489
419 474 1071 1110 1146 1814
155 721 1550 1600
155 1837
417 1117 1174 1831
46 285 860
54 1260 1395 1960
351 587 625 1149 1826
523 835 1543 1563
117 651 934 1704 1747 1886 1954
175 1241 1395 1633 1757
371 1366 1427
600 1525
8 637 1117 1150 1702
4 18 140 649 1021 1092 1206 1217 1237 1487 1734 1798 1948
232 335 485 860 1051 1083 1787
397 969 1015 1223
439 1237 1261 1726
486 562 743 880 1121 1203 1385 1428 1559 1584 1802 1849 1906
110 229 755 838 1133 1275 1453 1623
441 632 843 857 859 1823
641 674 1396 1544 1633 1681 1739 1746 1862 1888
335 905 1768
112 327 1535
160 605 1162 1259 1507 1807
303 1131 1722 1870
366 1403 1499 1803
57 196 253 630 1784 1878
39 58 154 182 1308 1763
540 547 834 1113 1158
467 539 706 1185 1554 1681 1901
1395 1666
171 360 406 1045 1618 1725 1972
60 184 270 614 673 892 1590 1597
732 1093 1382 1390 1762
1026 1923
105 170 257 281 305 678 1053 1299 1311 1896 1989
399 461 594 797 1015 1095 1834 1850 1942
821 838 918 1535
76 1298 1634
14 690 1533 1657 1971
650 1608 1692
285 750
49 1034 1738
17 102 1229 1680 1966
770 1053 1924
308 840 859 875 1422
239 427 556 937 1159 1733
117 740 1101 1659 1971
902 963 1374 1385 1428 1548 1792 1795
90 376 449 783 1676 1907 1954
614 1104
773 807 1065
372 763 806 1223 1980
424 1754
37 79 362 575 1286 1337 1400 1683 1754 1867 1954 1958
644 801 870 1643
1678 1765 1906
345 347 801 922 1738
21 144 778 1968
907 1639 1688 1837 1897
1561 1597
439 860 1855 1870
109 1595
47 49 430 594 643 654 1118 1683
94 159 506 1567 1893 1954
274 280 1112 1323 1693 1889 1903
232 471 751 807 1639
189 221 344 523 1403
655 897 1268 1294 1399 1828 1879
1175 1195
297 467 569 1661
144 416 891 912 1090 1383 1442 1650 1869
56 331 552 1088 1581
1010 1781
103 178 348 571 776 821 840 899 900 1411 1688 1856 1903
725 1328 1357
458 951 1066 1201 1369 1873
732 894 922 1243 1772 1863 1965
128 141 339 663 1024 1025 1394 1709 1852
596 629 712 1414 1481 1862 1945
569 1100 1525
273 1469
174 966 1005 1532
76 513 517 1654
416 623 880 1031 1070 1357
1187 1814
100 595 1597 1755
668 783 1262 1535 1901
542 772 920 1542
54 226 306 520 565 621 845 893 1344 2000
558 1138 1451 1741
809 942 1179 1220 1683 1714
109 198 276 722 1005 1082 1169 1582 1654 1844
266 1617
1710 1929 1963
372 428 742 1117 1726 1829 1978
230 1667
9 65 81 121 451 630 671 1681 1932
549 860 1349 1838
302 575 992 1242 1404 1815 1848 1916
1001 1271 1679 1931
205 280 562 738 1604 1614 1894
947 984
328 448 861
395 463 468
35 155 247 540 600 973 1290
540 930 961 1665
322 448 837 1862
155 374 868 1270 1405 1417 1492 1732 1944
581 1209 1272 1418 1912
1183 1490
43 237 253 406 722 1190
690 759 877 1092 1616 1857 1882 1900
534 539 719 1865
605 661 768 926 1570 1632
77 128 198 280 1293 1834
497 736 1992
286 592 926 1078 1756 1975
260 586 1093 1628
1 186 260 847 927 1291 1413 1772 1944 2000
28 202 1055 1220 1496
266 1298 1336 1687
442 538 1132 1632
259 965 1104 1481
574 1232 1340 1383 1855
935 1827 1923
248 574 745 1452 1880
875 1472
170 199 1164 1534 1720 1771 1985
43 87 136 416 936
804 1769
294 367 924
134 230 409 494 1273
501 1338 1900
216 1503 1572
236 285 616 776 832 856
46 901 1236 1262 1307 1815
275 1422 1524 1525 1733
10 1582 1586 1862
1529 1737
476 1509 1823 1997
246 1331
235 650 756 1089 1187
67 406 956 1378 1743 1791
524 1501 1839 1883 1968
90 474 933 1124 1127 1144 1798 1912 1989
976 1299
43 836 993 1757
518 653 691 758 1178 1616 1744
55 254 652 1019 1571 1610
448 888 1978
239 368 654 984 1072 1871
1442 1610 1668 1731 1826
145 355 1250 1302 1861
187 967 1342 1442
35 779 846 1121 1576
892 1388 1419 1691 1847
594 809 1889
490 750 798 892 972 996
94 351 1532 1543 1671
147 305 324 630 1555
71 497 575 653 728 1544
1069 1161 1410 1437 1499
396 868
352 497 718 1433
423 500 1255 1348 1368 1658 1669 1825 1912
347 1564
139 622
125 300 566 656 812 949 1614 1903
339 1563 1749
146 268 1223 1269 1661 1859 1960
1158 1898
1250 1364 1708
374 1127 1231 1314 1354 1558 1796
264 306 312 610 898 920 1163 1938
266 699 1934
189 340 557 796 1042 1150 1360 1372 1837
81 434 709 1259 1509 1619
176 210 494 514 824 1076 1505 1579 1743 1871 1907
30 261 391 1319 1682
489 625 699 1172 1300
30 211 837 922 956 1164 1223 1417 1780
615 798 977 1349 1640 1762
341 620 1476 1709 1940
219 1065 1141 1211 1295 1473 1660 1806
200 1171 1222 1453 1487 1649 1725 1772
11 621 1624 1756
560 570 580 662 718 723 1387 1717 1750 1831 1923
170 1203
26 105 303 330 802 1408 1589 1786
45 77 601 682 872 873 1482
34 309 1118 1641 1706 1751 1791 1878
351 672 1344 1709
80 291 537 1308 1649
1131 1564
505 546 873 1551
663 673 713 978 1078
321 511 704 1030
29 199 200 587 919 1614 1644 1749 1993
746 1644
187 499 506 552 1715 1980
571 800 933 1186 1503 1799
912 1648 1989
300 1481 1685 1702
835 1115 1395 1576
45 400 838 974 1046 1618 1667 1825
118 518 633 743 746
1228 1597 1617 1683 1691
397 881 1381 1577 1866
105 151 826
738 784 1803
1126 1390 1584
80 82 306 690 695 728 864 960 1117 1351
121 885 1642 1703 1838
103 166 516 894 1367 1453 1534 1699
143 957 1430
107 1179 1997
108 130 373 735 944 1228 1706
258 341 656 756 1740
829 865 1452
314 1540
251 415 536 1223 1292 1503 1639 1688 1971
792 924 1377 1707 1857
1068 1468 1735 1873
267 870 1463
20 176 722 893 1150 1410 1554 1757 1840
52 518 646 821 1744
472 586 1119 1551 1807
208 578 779 1173 1219
595 936 1500
285 320 653 800 1304 1515 1695
918 1033 1384 1777
188 645 1916
12 471 776 933 1737 1983 1990
100 215 465 653 742 1191 1683 1719 1852
566 750
392 928 1575 1834 1842
634 652 1190 1379 1460 1546 1654
515 741 811 876 1484 1708 1829 1903
535 658 1188 1344 1516 1948 1991
428 688 826 1414
32 918 1352
216 327 706 1198 1226 1829 1847
111 505 1614 1706 1904 1960 1972 1978
759 968 1441
144 243 295 807 988 1753
319 965 1209 1262 1338 1496
200 627 721 1525 1593 1642
130 221 909 1244 1272 1443 1518 1649 1668 1672 1762 1913
504 534 1790 1887 1888 1906 1967
345 384 1026 1092 1899
585 611 1359
329 472 709 902 1878
683 1167 1259 1770
81 125 161 163 889 1037 1441 1674
588 814 829 1250 1929
902 1022 1143 1886 1934 1999
253 258 1516 1612 1683
235 874 1298
90 303 936 1070
775 1206 1278 1534 1670 1721 1771
746 1391 1405 1783 1831
978 1844
172 477 671 1408
307 621 1650
510 627 857 946 1411
745 1674
797 1115 1236 1363 1370 1931
671 1319 1360 1636
467 1918
475 844 965 1087 1370 1389 1581 1819 1947
1298 1428 1527
425 543 562 766 804 1089 1967
960 1009 1239 1978
406 493 779 1265 1476
429 453 1194 1327 1407
264 348 722 779 1139 1709
171 182 299 1186 1379 1857 1916 1929
1046 1518
54 130 341 630 909 1143 1383 1589
48 724 1483 1628
60 340 400 530 669 1292 1442
7 288
211 745 958 1916
300 958 998 1011 1380 1791
375 548 793 1236
43 507 751 1459
103 485 514 564 760 845 1008 1194 1328 1366 1479 1548 1664
414 790 1253 1526
73 655 790
789 1554 1737
1020 1095 1683
103 218 1380 1828
179 1673 1911
150 317 351 848 1772 1948
46 689 974 1043 1458 1501
498 895 1233 1378 1822
722 724 1177 1584 1901 1980
817 1816
90 657 859 894 1858 1953 1982
30 159 442 469 1034
563 1622 1662 1703 1991
123 773 861 1780 1881
151 672 1163 1326 1772 2000
141 343 1146 1247 1551 1582 1902
294 484 742 844 1186 1360 1387 1593
773 1264 1373
343 751 1429 1565
343 609 1241
734 1379 1489
104 562 1451 1622
128 147 295 856 907 927 1387
767 1920
374 600 659 1070 1151 1279 1435 1973
16 1716
1429 1948
264 318 348 1117 1179 1367 1386 1734 1768 1916 1972 1991
583 901 1211 1425 1824
756 1026 1330 1706
971 1393 1414 1640
285 746 995 1455 1961
66 231 445 544 1270
474 1254 1311 1876
668 715 1075 1145 1431
338 975 1293 1387 1447 1744 1904 1980
341 512 1367 1379 1582
479 1525 1645 1768 1801
294 379 463 1130 1430
527 733 1039 1283 1324 1384 1750
711 1039 1359 1460
301 1184 1371 1489 1661 1891
18 77 301 421 706 873 1372
248 638 1145 1299
471 1074 1256
133 297 607 1099 1336 1526 1536 1947
9 911 993 1015 1097
958 1024 1067 1167 1213 1947
580 866 876 964 1281 1456
300 1186 1274 1687 1828
118 456 576 767 850 965 1395 1673 1995
356 540 741 893 922 1107 1913
416 441 509 758
175 600 1955
1219 1539
699 826 1369 1477
90 170 332 474 489 627 649 778 780 1018 1141
189 198 438 1731
325 748 1512 1721
442 655 685 744 1106
555 689 760 1019 1223 1429 1837
10 566 581 699 701 747 1209 1336 1567 1631 1702 1725 1731 1789
184 667 952 1074 1828 1837
831 1451 1556 1757
123 866 1282 1890
161 194 561 631 1529 1820 1891
54 296 317 340 416 1225 1369 1378 1392 1453 1936
212 634 1537 1917
187 345 1433
84 458 633 711 773 1245 1328 1582 2000
237 429 1066 1077 1507 1919
736 1019 1514 1675 1919
170 219 1143 1191 1231 1367
245 296 501 584 1046 1221 1975
210 301 311 946 1045
200 327 740 755 1131 1385 1666 1835 1865
42 221 937 1669 1780 1918
173 1022 1033 1501
534 561 878 1960
44 1036 1670 1827
261 1630
823 1915
1335 1583 1723 1809 1870
89 187 1155 1178
455 575 1226 1432
309 354 377 465 1206 1507
308 484 1067 1328 1397 1634
711 1444
46 574 1274 1422 1561
442 633 1360
734 1184 1525 1880 1901
204 430 518 826
737 1661 1915
3 569 1187 1749 1991
793 1661
187 238 445 1098 1784
34 1324 1585 1678 1687 1891 1974
893 1435 1496 1970
30 43 162 508 601 768 923 953 1595 1674 1731 1910
569 748 1352 1523
677 953 1607
183 538 854 1520
191 439
534 622 758
227 1192 1706 1787
1099 1494 1529 1667 1875
186 811 1081 1748
270 451 874 1137 1559
451 1087 1645
1265 1331 1438 1561
175 531 1486 1528
49 189 269 835 1219 1266 1519 1526
875 1213 1472 1768
156 229 366 414 534 747 995 1075
404 1030 1142 1343 1387
116 139 161 973 1020 1291 1330 1428 1477
820 1249 1877 1881
44 296 372 819 885 1303 1381 1923
221 287 566 1072 1093 1616 1808 1889
195 262 469 639 682 963 1028 1652 1670 1928
326 473 744 1586
371 689
49 1328 1556 1885
284 545 801 1406 1596 1644 1728
301 562 1672 1705 1794 1889
629 824 899 951 1400 1406 1579 1996
766 1132 1298 1471 1476 1618 1805 1884
270 406 1338 1445 1535
29 424 1244 1581 1800 1897
461 1454 1605
52 630 848 1096 1152 1281 1906
20 451 584 754 1199 1438 1709 1745
515 539 710 930 1093 1186 1194 1402 1606
858 1192 1667
267 744 1009 1201 1338 1691
114 873 933
253 1051 1329 1763
119 157 1220
281 724 881 1510 1762
37 732 762 847 1076 1890
176 678 1581
49 119 633 718 930 1384 1755 1936
374 388 488 583 1030 1279 1365 1637
261 650 1052 1637 1815 1912
16 95 285 627 837 943 1403 1442 1486 1899
363 1209 1313 1550
130 1399 1632 1706
258 273 523 1222
531 965 1791 1833
849 1193 1259 1887
565 1032 1422 1424
171 356 940 1353 1384
1112 1414
640 946 1171 1202 1486 1570
302 955 1579 1659 1942
1478 1627
819 1551
151 522 710 823 1140 1146 1270 1298 1537 1980
287 657 875 1355 1587
169 324 1019 1477 1717
674 1430 1905
121 514 658 1259 1341 1755
258 1315 1554 1581 1676 1924
77 1139
374 375 890
135 397 618 750 1337 1344 1381 1722 1916
117 722 1147 1513 1871
275 832 1112
55 759 1146 1147 1219 1674 1947
12 275 279 857 1518
556 1210 1336
70 324 964 1174 1178
93 587 882 1397 1657
42 194 419 760 1127 1840
687 866 1451 1567
137 317 677 1007 1287 1297 1368 1395
284 824 1206 1707
39 49 246 678 1034 1832
625 677 824 1259 1748
60 1006 1161 1201 1237 1758
923 1405 1584 1774
17 186 320 486 919 1197 1444 1759
195 835 1207 1659 1682 1745 1947
99 279 646 1247
337 931
54 154 328 1251 1471 1578 1920
728 1397
511 746 848 1051 1090 1235
375 717 899 1322 1324
746 837 1367
528 789 923 1304 1394 1623 1960
235 430 500 1163 1230 1325 1935
278 367 507 758 1101 1237 1366 1916
92 438 631 1420 1472 1538
678 746 967 1597 1793 1833
344 1489 1884 1905
940 1103 1317 1453
1193 1309 1509 1668 1755
159 351
20 632 824 861 1156
306 668 1139 1277 1747 1804 1855
1156 1422 1587 1871
64 187 411 605 969 1237 1593 1703
500 856 990 1584 1884
8 876 894 1220 1812 1859
29 241 494 733 800 1403
1454 1971
123 632
76 495 759 1632 1910
458 541 1086 1884
201 588 1069 1163 1492
44 737 880 952 1163 1196 1534
86 1094 1512
197 321 468 994 1383 1556 1662 1708
616 1343 1389
271 1008 1039 1121 1490 1648 1816
445 977 1074 1810 1923
73 87 447 456 732 804 972 1225 1875 1967 2000
52 70 390 714 1103 1208 1291 1831 1899
1313 1801
7 1315 1397 1428 1954
1261 1528 1754 1775
195 633 1419 1683 1795 1998
39 449 540 789 1489
549 1414 1769 1770 1779
87 259 421 598 975 1155
16 30 337 1215 1915
90 416 671 706 1378
133 880 1195 1254 1384 1849
163 432 471 773 926 1412 1581
251 661 1154 1244 1756
1092 1457 1581 1601 1821
402 1535 1704
599 1818
368 475 510 700 1019 1089
115 687 717 830 1152 1175 1402 1423 1511 1961
121 1236 1429 1521 1711 1763 1940
323 1177 1237 1478 1817
841 1206 1768
1126 1231 1741 1799
291 296 983 1950
7 22 762 1671
1478 1975
79 90 649 653 716 1133 1391
400 559 1067 1378
844 1145 1676
226 931 963 1049 1123 1489
331 469 876 1161 1436
434 764 1031 1075 1213 1262 1290 1447
421 484 599 1182 1395 1613 1880
151 178 408 636 774 966 969 1008 1087 1338
128 472 712 831 1679
773 1566
291 806 1315 1551 1612 1802
348 1290 1546 1952 1972 1990
721 733 868 1394
208 335 581 623 1150 1304 1828
593 611 890 985 1815
555 861 1024 1626
962 989 1095 1237 1241 1870
1810 1878
241 484 1089 1774 1922
115 1089 1247 1809 1889 1931
99 543 949 1223 1264 1346 1602
29 406 755 876 923 1025 1265 1707
1300 1303
329 624 1233 1402 1486
275 314 1164 1171 1762
563 796 1749
26 779
19 1667 1737
111 197 199 213 546 709 753 831 860 880 930 1130
283 611 901 1466 1585
180 618 654 1753 1952
170 319 1226 1902
81 166 1037 1082 1974
341 1081 1089 1595 1639 1863 1968
98 306 768 1126 1264 1346 1561 1819 1929
290 299 1124
280 482 655 1985
926 1227 1425 1792 1800 1818
221 514 548 587 789 998 1433 1490 1835
82 162 468 844 966
336 704 912 1381
1131 1486 1971
241 455 683 1191 1953
234 781 963
32 445 716 735 746 1103 1189
101 677 1571 1972
383 627 967 1211 1240
14 223 347 697 975 1114
175 588 661 958 994 1104 1427 1558 1585
155 172 569 878 1393 1557 1913
118 599 1215 1321 1607 1740
29 242 301 650 866 1007 1066 1226 1305 1556 1722 1799 1955 1961
33 755 1046 1156 1262 1549 1567 1629
106 323 648 762 866 1117 1411 1622 1828 1905
913 929 1052 1747 1840
80 121 204 346 531 534 571 770 1028 1084 1896
306 773 1026 1588 1934
1786 1822 1934
407 792 969 996 1153 1222 1331 1608
544 1244 1906
54 1349
1125 1818 1958
475 557 670 942 1088
392 428 1731 1881 1901
58 206 1173 1825
219 1643
404 433 1550
96 1193
292 849 1322
731 1095 1311 1513 1829 1907 1923
217 1003
305 451 482 519 663 723 947 951 1142
889 1108 1338 1391
392 1170
242 335 391 477 793 955 1389
578 1144 1340
1285 1946
143 163 998 1005 1356 1719 1741
334 897
250 424 875 887 1337
206 253 414 519 628 1517 1629 1952
231 1836
213 241 548 738 912 1034 1642
174 1026 1078
23 137 468 868 1105 1265 1352 1372
162 584 672 1150 1915
69 564 644 1502 1844
65 306 889 1142
254 471 907 1545 1878
260 772 961 1730 1732 1865
202 551 1078 1537
10 114 339 861 1068 1129 1463
206 248 520 727 930 1449 1875
297 495 719 859 1325 1638 1639 1690
327 369 475 1266 1319
480 530 652 960 1668 1798
355 527 819 971 1027
704 1251 1377 1628
166 319 843 1418 1999
314 558
42 73
603 1020 1206 1266 1579 1629 1703 1939
687 735 1563
386 648 732 1368 1467 1665 1874
357 672 1038 1081 1400
344 504 516 628 653 1118
995 1683
575 904 1338 1348 1575
91 362 372 515 568 758 881 1412 1549
544 784 1282 1699
650 1302 1607 1673
338 1331 1548
170 311 796
32 37 204 264 974 1219 1416 1794
533 740 1629 1938 1944
399 401 490 978 1215
411 650 772 889 936 1045 1188
342 523 575 1203 1425 1919
114 245 398 449 958 1100 1148 1245
250 1052 1445 1493 1628
363 512 641 646 1777
732 1490 1519 1703
32 397 766 1012 1605 1899
768 805 1112 1481 1920
44 817 1104 1211 1287 1649
234 853 994 1322 1656
59 66 1668 1749
609 689
540 951 1777 1905
56 161 175 427 487 790 951 1210 1581 1952
1285 1522
632 1028 1074 1370 2000
237 499 618 855 1878
426 449 1127 1534
49 372 734
9 47 403 458 484 574 848 1264 1869
728 1103 1576
878 1351 1513 1863
1266 1840 1940
52 755 896 1376
255 428 1335
39 399 571 1357
39 770 1129 1145 1302 1532
99 164 759 1159 1499 1630
309 456 671 840 1336 1526 1600 1703 1734 1823 1874 1934
3 368 1835 1859 1953
375 485 1142 1178 1467 1488
309 654 1055 1092 1526 1913 1926
26 417 628 643 1290 1822 1884
480 650 807
186 1165 1298 1341 1537 1657
174 1050 1352
80 95 725 750 1939
175 898 1249 1856
534 650 973 1022 1740 1897 1971
460 636 1873
868 888 1047 1130
194 486 980 1467 1639 1818 1940
419 770 851 1149 1409 1897
175 1058 1093 1385 1743
107 206 648 706 1011 1403 1931
60 227 488 727 1209 1911
1445 1822
14 236 276 1939
65 772 1583
221 454 531 633 961 970
300 581 639 648 755 891 1055 1557 1862
828 1053 1549
21 150 320 346 839 1149 1389 1436 1464 1559
107 192 674 1822
174 182 580 1814
6 386 443 751 1101 1643 1901
200 441 1198 1723
89 523 1623
9 43 1163 1179
319 796 848 1011 1308 1741
1051 1528
420 1781
321 541
315 937 1338
829 1204 1857 1995
31 646 699 1915
139 465 482 722 1921
1105 1145 1693
649 756 1240 1317 1882 1904 1976
198 255 566 573
105 157 380 814 1182 1262 1359
1986 1990
294 464 894
3 196 405 407 1874
229 941 1209 1212 1500 1570 1633 1926 1953
186 545 1089
584 758 832 840 1966
290 471 489 552 628 701 1085 1409
165 737 907 1145 1197 1262
106 390 675 897 1884
200 516 1182 1470 1699
707 1229 1330 1584 1585 1931 1974
369 533 1369 1861
42 315 344 480 824
48 383 880 1380 1803
251 1325 1525 1845
477 620 960 1290 1928
561 1648 1767
661 711 1190 1223 1809
300 515 1781
1060 1137 1606 1802 1824
29 195 469 497 993 1583
1145 1184 1308
558 1683
334 484 515 1256 1332 1453 1993
505 733 1117 1657
1248 1616 1871
896 1964
544 822 1470 1524 1966
569 920 1148 1687 1767
353 1750
95 432 722 1171 1424
47 133 955 1990
315 568 1370
31 143 1069 1406 1408 1514 1667
460 495 739 914 1057
56 82 1102 1854 1941
288 1006
276 644 757 1062 1208 1401
149 648 745 1023
38 288 864 1762
641 653 944 1336 1522 1960
120 185 856 1087 1442
55 200 562 585 611 831 977 1110 1138 1196 1711 1931
250 1799 1957 1960
561 899 1243 1401 1991
969 1193 1855
44 472 541 1036 1587 1671
103 150 264 496 654 886 1330
755 860 1796 1842
57 225 568 640 1130 1173 1714
189 556 1237 1557 1820 1838 1978
179 420 923 1240 1326 1656
14 189 300 785
67 105 631 922 1772
238 296 800 1006 1409 1583
1460 1719
248 344 717 823 1001 1053 1411 1444 1525 1601 1616
184 650 756 868 1217
82 421 1013 1093 1102 1236 1464 1682
344 1741
1250 1303
98 118 172 287 530 611 1810
530 647 672 1852 1863 1873
12 123 288 338 841 944 1511 1637
137 876 1010 1236 1442
74 118 662 1101 1826
43 109 824 851 1149
35 198 873 1307 1554 1633 1640
37 107 1066 1411
14 243 409 733 1096 1211 1321
848 1261 1477 1629
1008 1029 1189
467 513 1133 1199 1474 1635 1657 1862
589 769 1254
276 620 1275 1581 1742 1743
19 1009 1232 1931
588 787 792 1338 1348 1741
833 884 1087 1527 1542 1642 1905 1997
53 220 1078 1328 1835
699 757 1354
208 334 584 1481 1807
809 874 1377 1758 1842 1880 1924
106 1749
42 543 1014 1988
7 520 918
338 1108 1157 1170 1955
307 1554
874 1142 1344 1523 1704 1725 1991
887 1693 1777
117 431 562 622 741 793 1634
603 655 939
162 186 517 693 782
236 600 761 855 1656 1667
831 921 1160 1164 1384 1507 1524 1740
211 371 480 649 1046 1075 1129 1295 1298 1364 1681
40 298 790 1395
76 296 650 847 1454 1571 1807
102 1619 1753 1861
54 455 581 641 843 1051 1188
81 1231 1759
43 118 398 561 600 782 910 1053
280 711 1139 1265 1428 1546
99 202 467 946 1334 1430
77 81 187 322 890 1405 1583 1614
346 419 667 1117 1165
348 467 587 770
48 712 801 1232 1416 1700 1896
1630 1891 1910
523 728 937 1376 1742 1827 1996
735 1074 1430
54 210 449 795 1329 1500 1758
472 632 930 1303
69 260 641 1596 1693
6 237 250 451 480 1167 1242 1454
213 276 923 1210 1446
753 1009 1615 1726
91 158 872 1911
514 787 1282 1801
665 968 993
637 1367 1829 1889
136 1088 1126 1225 1367 1413 1814
518 960 995 1145 1152 1526 1802
629 631 886 1067 1153
119 202 900 1899
455 1064 1262 1371 1863
184 342 455 561 579 650 1096 1458 1471 1763 1811
677 884 1099 1159 1268 1389 1519 1884
73 706 922 931 1762
250 440 791 929 1714
473 1496 1572
342 1638 1884 1983
295 380 462 852 1617 1764 1829
137 139 489 594 659 888 1138 1563 1746
46 479 633 760 1921
141 541 661 1022 1384 1665 1706 1823
288 528 1570
374 559 1191
765 1745
99 362 1120 1269 1282
6 767
158 614 1532 1753
1140 1573
4 88 444 629 806 837 1261 1276 1576 1980
873 1005 1500 1803 1884
968 987
341 435 571 930 1143 1799 1982
372 637 756
17 466 1043 1086 1337 1615 1723 1777
1138 1486 1514
257 1110 1126 1152
428 868 1416 1482
211 517 788 1269
1338 1923
597 734 823 919 1626
406 572 873 1304 1690 1886
325 400 487 654 1329 1429 1660
3 33 345 1428 1552
235 883 1277 1563 1687
12 101 103 160 1188 1250 1800 1956
70 333 458 505 571 1494
323 543 930 1099 1193 1223 1424 1630 1958 1995
132 244 578 1211 1885
712 1923 1929 1958
508 548 1367 1389 1429
42 168 499 1529 1777 1864
275 770 1019 1863
55 719 817 1118 1193 1272 1835
898 1242 1729 1745 2000
770 1436 1600
544 1373
465 925 993 1652 1834 1857 1890
576 741 1572 1608 1740 1815
519 651 962 985 1131 1231
143 1341 1845
221 683 703 1470 1743
611 786 1051 1089 1413
684 832 1218 1261 1364
355 1126 1674 1756 1943
677 856 1171 1999
7 574 638 1051 1124 1496 1785
468 535 631 821 889 985
186 735
628 763 1121 1142 1475 1612 1650 1707 1728 1789 1883
316 538 927
300 563 770 832 966 1334
9 10 449 663 1936
751 1411 1614 1645 1778
1308 1310 1430 1900
61 780 821 1316 1489
412 419 554 678 1139 1355 1699 1797 1904
1011 1026 1064 1314 1363 1550 1713
88 896 1526 1942
192 618 1718 1769 1982
328 740 1324
669 683
661 993 1087 1127 1676 1936
54 324 767 1468
565 1812 1818
122 309 476 674 886 1184 1429 1464 1562 1905 1919 1947
100 257 571 691 1043 1394 1824 1961
41 89 178 336 382 521 641 1534 1954
1023 1444 1518 1601 1793
458 765 1579 1838
823 1356 1710 1872 1910
45 274 544 901 1299
344 485 953 1674 1785 1789 1819 1863
39 1626 1662
137 326 451 1836 1875 1886 1926 1951
1287 1647
379 533 629
304 563 1008 1037 1783 1810 1840
781 1523 1633
129 179 573 1556 1924
150 496 1287 1527 1904
51 54 81 754 1865
322 438 1554 1802
473 1593
79 223 1282 1763
983 1058 1826
73 348 416 487 1089 1633 1641 1991
217 347 399 514 587 1030 1100 1131 1190 1470 1865
130 855 1986
221 463 498 880 1219
27 512 769 1008 1564
65 392 980 1001 1044 1095 1343 1478
232 706 1182 1867
12 231 300 310 544 1153 1435 1538 1563 1676 1857
1304 1384 1467 1814 1991
47 202 953 1970
238 1177 1191 1365 1559 1833 1958
964 1077 1593
710 900 1074 1247 1694
208 1556
414 1490 1534
12 253 1357 1544 1732 1806 1872
1523 1675
219 511 703 754 873 1105
1591 1766
770 854 1063 1106 1961
1123 1315 1389
248 282 386 1093 1356 1768 1814
81 84 100 285 465 689 803 1171 1280
530 1072 1099 1117
348 662 1037 1267 1386 1581 1613 1967
217 324 465 682
80 334 829 890 1189 1348 1428 1876 1885 1913
746 1227 1526
239 1105 1733 1787
299 738 840 1268 1592 1906
646 743 782 1953
231 285 303 462 1236 1386
292 486
843 861 1034 1175 1416 1750
387 742 744 845 912 1346
9 18 466 489 566 1104 1334 1770 1933
288 1425
199 1656
295 309 429 948 1024 1146 1413 1472 1629
4 420 845 977 985 1271 1414 1756
297 398 996 1374 1455 1517
101 165 281 1136 1416 1479 1483 1923
1272 1385
644 1033 1998
184 259 773 826 884 1158 1932
4 382 420 1482 1507 1516 1746
637 875 952 1888
239 558 620 637 778 1022 1086 1966
232 373 649 741 841 1299 1499
97 323 519 1081 1919
90 114 300 399 523 1169 1259 1315 1796 1895 1918
476 678 1005 1157 1670
87 305 1156 1636
549 621 898 1402
362 661 791 999 1726 1790 1809
69 289 682 1079 1980
165 671 742 1206
16 968 1101 1152 1182 1315 1432 1460 1828
293 1038 1321
59 461 733 1374 1377 1998
133 901 976 1188 1702 1828
268 419 1679 1682
31 59 108 1428 1505 1932
345 649 1525
252 784 918 1376
279 461 1046 1275 1478 1575
488 569 967 1197 1497
269 401 421 645 734 1093 1190 1380
329 485 505 848 1313 1947 1987
266 495 1175 1262 1302 1329 1346 1428 1497 1925
190 252 396 1188 1240
99 848 1335 1948
173 424 1594
1022 1033 1236 1357 1772 1878
806 1144 1322 1521
563 1791 1894
211 448 747 1435 1885
782 1116
87 1097 1266 1387 1785
49 634 734 1549 1801
90 128 355 664 1029 1533 1592 1862 1980
232 334 463 1771 1836 1911
470 1268 1583 1665
458 634 816 993 1481 1482 1559 1630 1834
388 628 707 943 1209 1220 1632 1886 1961
324 1570 1679 1931
255 1873 1970
651 1290 1743
30 271 1100 1499 1598 1727 1883
1505 1992
157 566 957 1667
7 735 775 1438 1682 1890
560 820 1015 1188 1197 1524 1627 1756
90 144 498 1104 1455 1813 1823
936 964 1481
487 911 996 1057 1483 1982
41 154 262 610 637 743 1329 1410 1509 1687
538 955 1982
1231 1279 1400
503 640 985 1081 1460 1518 1849 1982
76 315 451 1232
1317 1529 1597 1920
475 497 1052 1088 1460 1673 1785
451 953 1607
294 391 454 976 1019 1544 1915 1958 1982
953 1067 1390 1488 1662 1906 1987
296 469 1153 1494
482 564 698 1141
688 713 1188
620 987 1346 1354 1411 1445 1993
245 1208 1778 1955
335 338 773
277 634 762 877 1546
395 742 1952 1993
144 806 1863
824 1279 1624 1980
413 930 1042 1559 1782 1974
372 437 463 806 1527 1662 1864
205 669 711 1095 1098 1516 1697
37 387 1291 1792
1359 1371 1754 1865 1875
9 601 765 845 1343 1432 1822 1865
118 537 677 1087 1494 1556
59 118 724 1231 1482 1719 1724
280 351 781 923 1232
401 845 1774 1819
790 805 1365 1491 1998
841 1149 1785
41 1211 1259 1395 1419 1442
23 133 299 932 1019 1554 1843 1869 1919 1996
183 1445 1532 1931
300 817 1053 1451 1838
8 160 593 880 1347
23 1045
630 1057 1674 1777 1892 1961
716 1526 1809
201 289 1002 1289
236 574 1058 1414 1723 1899
213 661 679 1582
763 890 904 1470
46 318 476 537 640 659 946 1138 1355 1562
170 379 402 408 712 1067 1448
1577 1630 1796
335 399 589 673 1018 1411
632 638 1368 1876 1985
247 264 1435
58 486 528 625 703 1147 1731
22 272 477 620 648 1060 1923
538 1804
124 184 1077 1255 1542 1670 1859 1911
278 509 1167 1855 1896
282 399 838 1011 1151 1796
194 338 360 935 1363 1654 1697 1702 1759
59 257 429 560 701
552 866 875
192 221 893 1388 1399 1556 1936 1958
217 894 1192 1344 1548 1632 1866
191 339 655 1410 1559 1934
312 1033 1093
69 935 1181 1363 1402 1500 1534 1912
140 576 620 844 1635 1667 1791
372 1864
30 343 390 1813
534 1346 1360 1380
122 724 1007 1217 1300 1980
394 570 1322 1400 1411 1419 1435 1597
5 322 1099 1475
411 1376 1466 1610 1641 1951 1991
416 1390 1557
110 732 1145 1169 1485 1610
40 150 539 668 709 1130 1229 1632
200 311 377 432 755 1138 1296 1659
1771 1849
451 453 654 758 1713 1901
275 1225 1255 1463 1709
42 75 341 475 755 1852
6 228 312 983 1178 1255 1332 1493 1838 1961
557 926 1483
154 195 423 867 923 1415
1525 1721
46 408 605 994 1395 1499 1935
562 927 1322 1422 1669 1708 1886
228 336 922 998 1549
960 1148 1314 1477
138 498 801 995 1053 1351 1521 1869
42 77 252 287 406 866 1597 1924
539 1518 1593 1660 1741 1804 1901
210 441 1304
383 449 717 1021 1273 1792
25 42 1428
316 433 739 1336
28 1359 1920
449 774 822 1781 1887
464 763 780 873 1043 1233 1550 1621
208 1699 1855
345 366 1496 1505
19 241 878 922 969 1436 1516 1582
230 246 622 641 689 888 1003 1812
82 225 605 652 928 1488
1782 1835
319 723 973 1181 1602 1605
184 345 355 583 740 1779 1789 1924
574 823 1092 1411 1503
471 744 857 962 971 1940
335 1190 1654 1870
99 1188 1718
270 535 1485 1759 1791 1896
55 86 802 1242 1771
85 1113 1559 1871
269 683 786 1034 1231 1825
687 1396 1404 1511 1931
669 817 927 963 1184 1413 1983
582 740 1281 1552 1648
187 1063 1737 1844
565 1520 1576 1631
573 1932
226 229 1097 1112
316 574
2 25 176 355 1113 1217 1514 1747 1762 1891
183 250 1340 1519 1929
582 649 974 1020 1152 1305 1373 1595 1643 1691
188 295 431 674 851 1732 1768 1840
89 431
452 556 1020 1836 1849 1864
231 642 824 930 994 1344 1543
264 571 1315 1822
451 549 555 691 1176 1438
270 523 856 1272 1429
100 780 848 1100 1513 1665 1906
185 1100 1157 1240 1670
17 20 160 455 494 717 722 1033 1129 1254 1612
251 698 971 1100 1173 1855
78 259 296 308 393 620 661 1752 1800
236 309 401 491 641 1348 1791
170 312 514 956 1074 1120 1656 1958
182 301 733 1827
161 1484 1738 1888
204 245 668 682 755 1542
217 534 923 1070 1336 1749 1887
170 377 646 1178 1330 1451 1799
368 1505
280 531 1069 1338 1920 1991
513 543 1213 1496 1791 1962
445 486 674 810 1085 1326 1545 1825
602 723 814 1395 1640 1810 1945
505 776 1002
34 386 1070 1423
225 776 1738 1887
88 166 198 704 781 1015 1582 1839
930 1130 1294 1329 1465 1758 1770 1857
218 414 1096 1104
719 742 1941
386 751 1126 1334 1387 1731 1799
65 492 891 1081 1197 1583
315 475 636 1032 1391 1768 1794
37 166 531 682 1025
29 417 740 1286 1417 1562 1804 1809 1928
175 819 1198 1634 1730 1924
112 365 1039 1387 1429 1526 1527 1615
625 1468
1509 1618 1754 1913
237 1346 1355 1438 1493 1890
232 331 362 462 1324 1607
148 166 338 486 721 1315 1859
470 1209 1348 1492
17 266 473 944 976 1122 1159 1175 1991
1050 1307 1318
998 1348 1377 1560 1640 1662 1924
318 619 719 745
124 175 1608 1636 1756 1849 1957
661 711 1686
346 416 680 901
1098 1304 1315 1348 1682 1727 1974
198 302 606 1314 1585 1720
491 577 1313 1904
99 404 430 482 809 1416 1513 1910
40 537 573 674 929 1474 1756 1885
519 1197
270 428 471 881 1430 1637
243 362 479 638 1351 1790 1897 1923
627 770 841 1257 1673 1834 2000
22 476 516 682 1298 1762 1856 1955
884 1156
81 501 1054 1805 1822
134 318 883 901
603 831 988 1529
160 817 1255 1706 1926
583 733 1337 1796
382 695 1295 1545 1619
206 638 1169 1243 1391 1653
1131 1280 1487 1633 1847 1998
93 804 1094 1180 1255 1485 1514 1571
105 111 436 802 1636
715 1293 1549
1540 1632
753 1383 1618 1619
110 921 1737 1980
248 1271
283 308 346 640 745 787 1955
101 1096 1145 1471 1731
338 1875
175 1111 1405 1717 1975
71 248 515 1108 1257 1479 1494 1632
486 535 1607 1968
509 549 576 866 1175 1713 1859
425 1747
123 171 248 957 1131 1237 1313 1441 1801
734 1203 1737 1740
268 546 1815 1855
253 418 627 732 1435
394 674 931
46 133 357 918
371 438 1910
3 562 606 791 1581 1820 1836
109 223 371 641 699 1814
130 461 1367
416 756 796 1191 1233 1400 1416
336 420 748 809 1381 1645 1693
338 484 1304 1325 1359 1459 1756 1971
30 267 444 512 956 1094 1391
1013 1249 1280 1755
194 415 925 1073 1108 1137 1928
30 319 520 872 1050 1827 1992
153 907 1118 1143 1266 1478 1958
966 987 1345 1584
76 77 189 305 988 1064 1798
115 569 1509 1616
1170 1494 1513 1681 1713 1850
443 460 507 551 791 1332 1451
22 295 829 1639
416 432 543 879 937 1041
112 266 300 1931
272 510
199 421 735 793 973 1156 1679
69 272 441 1112 1888
88 345 597 980 1065
732 755 853 1161 1268 1792
133 288 664 955 1359 1740 1798
136 154 283 521 1130 1441 1559 1667
55 121 270 468 581 645 873 927 945 1027
9 30 198 327 1067 1432
600 717 1159 1523 2000
119 461 1585
80 294 497 649 1101 1386 1750 1838
278 1979
227 584 588 635 717 1220 1478 1505 1545
12 19 495 523 562 681 747 988 1213 1243 1918
59 323 889 901 930 1195 1401 1818 1966
998 1961
555 859 870 1115 1478 1535 1551
211 353 406 588 829 1359 1395 1489
106 723 1694 1827 1863
76 86 764 936 1011 1166 1318 1838
514 1055
32 231 709 1211 1291 1600
551 1502 1753
1282 1524
174 245 876 1127 1341 1723
44 220 391 779 1233
485 977 1149 1478 1483 1576
241 1816 1842 1870
343 616 923 1874
800 1053 1224 1338 1393 1624 1714
436 637 680 755 967 1456 1716 1989
118 153 524 543
47 140 1070 1567 1904
582 599 795 857 1351 1580 1787
283 738 747 1991
213 479 1033
683 919 1387
444 490 731 1008 1042 1288
437 536 607 1093 1688 1777 1800
156 630 1032 1131 1966
246 1005 1169 1334 1445 1880 1971
27 510 522 999 1064 1476 1967
231 862 1130 1287 1685
724 1624 1734
722 947 1507 1589
13 16 645 652 802 946
129 486 648 654 927 1330 1910
295 1048 1326 1368 1974
57 544 751 1535
28 125 990 1429 1650 1995
56 95 725 997 1101 1438 1896
338 469 917 1006 1397 1858
150 318 366
105 507 1128 1195 1486 1632 1669 1736 1876
187 437 471 704 913
737 990 1186 1265
899 953 1175 1262 1550 1930
297 1032 1393 1662 1804
528 563 1368
247 406 977 1562 1787 1801 1837
55 695 1125 1182 1523 1708
499 717 1068 1704
291 730 1091
76 1021
348 378 633
60 351 821 1221 1796 1907
213 287 713 987 1153 1302
30 728 909 1204
133 1386
416 1813
305 308 783 1653
219 544 1126 1863 1954
324 346 1328 1567 1582 1885 1974
189 1355 1602 1956
539 984 1145 1266 1330 1585 1906
287 421 712 791 1309
343 509 1884
94 136 248 474 559 682 733 757 1344 1402 1828
495 1197 1509 1859
315 1181 1625
122 341 429 653 924 1133 1475
394 740 796 1463 1598 1890 1905
1321 1691
168 517 1956
187 569 731 1130 1235 1489
4 32 65 168 302 648 1046 1138 1581 1601 1956
536 843 1209 1625 1749
343 411 464 466 519 1051 1095 1197 1438 1783 1907
445 490 880 1159 1232 1304 1896
101 144 189 289 837 845 1094 1204 1414 1729 1779
287 1275 1321
54 511 706 806 1081 1378 1519 1761 1804 1944
490 722 1174
148 453 471 1075 1842
1149 1162 1723
519 1471 1523
859 1148 1436 1958
48 79
652 711 820 873 878 1201 1213 1385 1497
1142 1167
762 817 843 1857 1880
250 255 868 1227 1656 1912
284 1256
455 1002 1327
1314 1870 1964
373 443 576 1471 1915
171 653 805 896 1984
42 727 1009 1181 1404
21 194 643 959 1614 1729 1733 1798 1830 1833
129 575 767 1026 1444 1594
727 1267 1348 1705
724 1870
52 91 246 299 323 620
69 358 1629 1836
69 100 199 268 281 766 803 1542
471 489 1260 1584
3 81 361 486 1656 1707 1857
323 625 1268 1385 1737
266 477 515 625
453 1722
391 427 713 1051 1325
21 836 1237
77 1729 1810
176 584 969 1402 1823
631 836 1056 1625
67 192 482 629 965 1070 1448 1559 1583 1594 1993
416 569 1139 1802 1923 1968
18 179 470 539 925 965 1161 1255 1336 1452 1530 1731 1941
513 672 837 975 1399 1465 1559 1563 1918
377 644
75 170 758 781 812 1281 1378 1381 1403
533 946 1008
279 722 958 1188 1466 1593 1653 1785
69 88 790 902 1353 1377
714 1778
329 332 558 646 1127 1637
184 909 953 1275 1935
197 967 1143 1679 1733
236 404 1324 1363 1774 1882
390 636 759 1046 1246 1790
124 220 673 679 687 712 1498
275 530 559 1587 1850
764 1604
66 318 390 456 675 1231
1024 1043 1054 1109 1228 1839
377 780 1300 1470
176 772 998 1286 1372
840 955 1006 1211 1730 1877
478 1100 1272 1425 1572
1142 1154
29 199 790 936 1206 1210 1281 1314 1340 1385 1810 1913 1944
110 199 563 597 893
285 531 539 1058 1357
194 1019 1573 1968
401 439 569 801 843 1523 1726 1947
210 472 992 1598
4 264 304
348 882 1272
136 434 491 874 1265 1359 1995
372 589 649 903 952 978 1916
173 484 937 1104 1612 1960
780 1189 1210 1893
1010 1501 1600 1896
123 364 806 1084 1562
269 340 904 973 1511 1945
3 864 1267 1612 1971
237 264 631
43 409 465 1167 1237 1298
912 1339 1511
356 458 1470 1650 1863
337 746 1566
599 1206
580 686 1581 1795
121 280 1105 1169 1191 1698
328 709 942 1902
230 523 675
383 584 621 788 843 918 994 1181 1344 1901 1968
147 167 325 353 648 1266 1975
188 587 1771
121 421 457 589 1452 1719
76 322 1563 1850
682 1109 1476
211 1345
334 536 924
677 949 1137 1152 1906 1948
343 1109 1128 1307 1319 1685
1 32 201 708 1045 1066 1489 1755 1937
47 569 591 1021 1697 1774
21 589 704 974 1358 1365
295 489 1179 1967
509 961 1732
569 822 1180 1219 1294
106 264 785 1300 1936 1947
409 677 754 829 1195 1228 1918
129 162 1250 1280 1704
410 445 548 666 1232 1329 1391 1677 1699 1733 1836
309 980 1326 1871
221 1369 1919
412 507 855 1165
349 521 1211 1503
494 1194 1540 1843 1856 1960
1738 1817
478 566 569 894 1120 1145 1791
709 921 1018 1526
518 1112 1531 1622 1778 1863 1871
315 947 1804 1912
147 765 880 1078 1652
1444 1454
322 671 1266 1344 1445 1871
25 46 297 1078 1327
849 1221
654 1054 1361 1786 1999
632 1094 1270 1544 1906
341 580 1970
243 668 804 1165 1923 1957
316 782 1126 1714 1734 1930
272 592 920 1353 1729
119 1018 1928
106 114 345 517 1055 1361 1953
1612 1905
192 343 571 1255 1485 1535 1800
389 475 1331 1582 1931
1233 1544 1763 1955
64 348 946 1025 1087 1281 1457
628 1535 1932
80 799 1251 1640 1950
338 490 943
251 727 1055 1250 1686 1924
534 809 1360 1861 1913 1990
130 203 316 412 821 823 894 1353 1583
131 468 515 862 1072 1489
12 947 1169 1948
868 1163 1682
442 540 925 1806 1907
1103 1381 1707
176 338 711 1343 1487 1723 1891 1947
270 1230 1552 1840
217 628 1072 1936
966 1541 1709 1855 1939
305 346 1008 1077 1430
362 489 888 1063
134 485 648 1823
66 677
280 642 1184 1222 1717 1830
1281 1702 1721
31 396 487 969 1108 1410 1670 1735
303 323 401 489 639 876 1363
562 1298 1328
34 187 286 345 500 1366
111 356 629 665 1055 1267 1412 1847
300 1313
99 505 654 840 1046 1670
264 765 1192 1580
1067 1133 1818 1913
79 458 653 1779 1828
348 469 484 631 790 1070 1975
750 942 1565 1728 1826 1914 1993
482 518 707 1614
79 383 393 657 837 1270 1441 1826
109 155 280 400 438 1626 1732 1826
294 683 1448 1690
343 460 761 802 1981
329 401 897 1236 1453 1596 1835
154 787 1740 1974 1993
335 444 584 654 707 1101 1197 1833
166 328 607 745 746 988 1179 1700
260 559 663 824 866 921 1844 1849 1878
17 355 643 923 1130
37 414 433 455 1622 1734
114 236 675 907 1345 1972
511 699 843 995 1400
182 539 1500 1836
374 1803
454 828 1137
7 81
312 494 1179 1270 1479 1760
56 107 216 1169 1411 1435 1445 1534
383 620 1046 1093 1314 1357 1490 1935
54 477 530 734 873 919 1464
205 620 1018
174 433 451 462 630 1165 1305 1833
519 797 1063 1124 1500 1518 1784
27 185 424 528 1975
431 507 998 1189 1831
718 746 969 1227 1517 1695 1888
99 678
133 646 708 927 1300 1454 1737 1876 1938
35 487 1055 1422 1429 1516 1818
433 478 856 1532 1840
999 1324
183 210 322 653 1847 1873
468 487 1204 1348 1520 1800
588 728 902 1136 1321 1360 1856
479 953 1614 1636
60 287 600 1237 1367 1715 1839 1880
877 927 1104 1129
61 1570
60 330 1051 1125 1143 1390 1706
270 576 591 967
302 632 1081 1108 1529
121 186 855 873 1343 1768
1912 1918
1026 1346 1360 1448
241 637 796 1228 1785 1839
466 498 507 1812
296 628 1330 1445 1474 1906 1975
31 1449 1887
86 129 296 366 468 541 1247 1266 1793 1851 1961
419 868 1122 1490
540 548 723 1717 1726 1791
145 219 460 536 590 1074 1918
1141 1235 1363 1565 1607 1682
65 918 1062 1190 1562 1979
226 769 953 1364 1533 1547 1679 1804 1852
89 1466 1593 1753 1758
636 706 1074 1737 1834 1858
171 457 943 1616 1916
47 316 390 867 1044 1266 1557 1989
601 988 1163 1839
514 832 1014 1080 1109 1757 1974
116 430 848
851 885
54 121 322 543 759 947 1502 1896
162 295 351 485 662 944 1092 1233 1438 1567 1946
7 573 715 1227 1447
880 1376
13 341 1058 1180 1744 1910
963 1380 1615 1961
56 105 723 744 863 1450 1507 1509
372 655 974 1067 1675
46 163 746 1095 1118 1979
42 227 279 348 547 768 947 1330 1865
150 291 559 574 898 978 1058 1244 1571 1705 1827
53 935 1189
283 512 576 614 1290 1882 1901
77 613 675 1226 1458 1838
41 531
292 734 1051 1115 1277 1500
85 461 886 1502 1658
776 797 1289 1290 1380 1874
66 412 1148 1453 1673
171 238 587 618 1814
701 1505 1690 1719
562 1069
54 61 178 474 944 1088 1803
124 186 211 946 1128 1800 1884
684 945 1413
325 926 1117 1447 1454 1630 1725
166 402 486 549 1311 1680
458 611 958 1147 1172 1682 1932
534 1377 1515 1572 1855
395 403 460 530 554 855 971 1120 1201 1347 1536 1840
80 604 649 687 770 882 1502 1666
4 684 710 956 1022 1469 1471 1944
176 593 1096 1103 1606
161 336 512 558 1251 1672
385 953
1125 1228 1243
196 1425 1472
773 817 1470 1958
174 209 1873 1901 1929
514 544 1618 1813
183 309 371
479 560 751 1785 1919
204 411 490 833 1026 1486 1657
242 282 424 853 902 917 1931
178 1265
241 582 1344 1563 1815
106 136 174 638 971 978 1050 1386 1633 1664 1674
94 629 1076 1376 1887
717 1146 1198 1248 1894 1924
278 291
782 1002 1717 1819 1960
548 1220
22 338 640 953
121 234 295 833 1841 1891 1947 1948
207 274 713 978 1744
42 202 232 1148 1314 1649 1726
755 973 982 1050 1335 1609 1624
565 1413 1435
130 1113 1204 1355 1989
507 643 688 746 1186 1521 1737 1850
98 199 395 731 824 909
10 1346 1983
318 876 932 1400 1944
307 315 517 687 1149 1570
571 633 1123 1899
306 955 1451 1476
6 243 1204
137 739 1033 1258 1768 1905
682 1117 1451 1554 1619
798 1209 1304 1568
184 699 926 1126 1281 1326 1802
221 371 1081 1632 1650 1768 1809
300 364 497 592 627 629 742 1249 1607 1636
468 646 802 909 1516 1564 1738 1924
482 508 549 672 1113 1232 1560 1662 1688
191 226 590 1885
575 599 711 807 1374
196 312 1325 1777
84 1484
361 1490 1705 1823
128 229 303 1159 1577 1662
173 996 1099 1425 1901 1946
299 998 1422 1496 1678
318 987 1094 1317 1810 1889
407 721 1103 1148 1529 1534
811 1118 1486 1568 1642 1848 1862
86 294 438 483 638 1515
503 748 1828
37 268 353 638 903 1112 1420
159 1791
735 766 786 809 1026 1463 1711
371 1722
921 1033
76 297 441 485 1373 1761
100 434 780 1120 1164 1221 1264 1653 1710 1720 1731
217 908 968
226 255 274 480 821 888 1143
621 1572 1801
990 1577
49 94 313 890 969 1029 1636 1743 1991
284 862 1166 1421 1957
95 588 665
253 270 377 1190 1360 1401
1021 1368
824 1191 1281 1397
302 490 658 1826
361 884 1069 1129 1645
1197 1402 1563 1583 1847 1876
497 600 662 689 734 1571 1619
266 1105 1188 1254 1613
118 629 980 1365 1561
1291 1504 1505 1525 1661
403 862 1131 1560 1725 1855
293 351 1291 1416 1534 1582
86 171 188 503 758 1118 1175 1244 1422 1569 1889
69 391 1088 1332 1874 1929
47 766 1015 1021 1911
1867 1907
538 650 683 709 1194 1746 1752 1800
32 104 608 695 1826
231 944 1369 1909
214 937 1015 1307 1526
22 189 296 509 722 914 1009 1420 1470 1537
447 671 1303
99 443 767 1454 1456
235 998 1120 1422
686 735 1255 1357
238 272 844 1409 1519
193 746 1020 1056 1183 1866
1386 1981
630 704 1088 1363 1371 1537 1675 1691 1980
193 318 650 923 1277 1289 1461
327 867 945 1204
230 319 837 1304 1338 1500
48 706 811 1905
118 369 412 516 682 849 1047 1577 1667 1699 1715 1885 1974 1989
795 1823 1989
360 690 1303 1464 1951 1974
95 761 1341 1575 1982
316 867 897 1032
268 507 755 1165 1739
123 1092 1498 1529 1984
312 372 469 576 815 878 899 1026 1372 1464 1466 1683 1812
153 656 683 823 1105 1127 1206 1370 1835 1999
573 786 980 1254 1486
601 802 855 958 1583 1812 1870 1938
644 1502
259 1027 1058 1794
1298 1579 1933
503 876
41 292 962 1042
39 411 1149 1579 1807
315 560 677 793 1769
326 625 751 949 1006 1378
662 704 1199 1599 1922
236 239 648 855 1183 1321 1729 1754
51 295 429 433 441 520 1374 1448 1453 1466 1750
636 967 1741 1818
1072 1220 1677
473 523 781 1239 1890
172 269 482 991 999 1116 1448
275 1211 1953
310 558 642 768 1005 1665 1832
133 251 535 766 1772
951 1419 1642
360 1190 1954
1182 1291 1823
487 632
56 1145 1347
26 1270 1282 1873 1876
57 229 260 1221 1331 1384 1514
187 275 640 1074 1115 1366 1472 1622 1861
366 1826 1882 1963
348 535 1204 1489 1829
210 824 917 1357 1525
587 678 870 909 1103 1822
147 428 621 639 1145 1650
407 1360
204 536
123 633 845 1021 1509 1514 1849
431 484 851 1197 1217
134 168 1400 1810 1957
381 434 469 656 755
116 404 666 968 986 1366 1777 1820 1826
94 392 689 1203 1323 1919 1923 1973
684 1152 1423 1684 1731 1796
134 261 431 632 1619 1672
1184 1351 1353
9 115 564 867 900 1091
345 645 994 1032 1229 1281 1358 1799 1814 1840
39 336 1936 1997
312 953 1771 1772
259 336 406 1123 1411
6 474 1087 1353
105 286 798 1376 1605 1666 1775 1825 1961
462 471 608 861 1095 1862 1985
280 963
410 717 1150 1450 1742 1924
37 319 585 824 1213 1349 1673 1753
236 912 936 1044 1757 1900 2000
99 1752
73 154 324 359 675 857 1169 1450 1812 1975
183 390 741 980
1037 1173 1288 1883 1991
89 129 187 383 479 937 1600 1880
100 717 758 944 1748
46 452 505 953 1032 1090 1224 1502 1581 1621 1668 1916
80 125 494 641 790 1854
662 1261 1419 1657
21 458 727 738 845 957 1019 1709 1898
415 804 871 911 917
56 964 1201 1722 1745 1755
308 781 1008 1874 1928
155 210 259 1089 1683 1826
479 1539 1836
860 924
608 1526
347 537
845 894 924 1068
16 134 652 1118 1445 1555 1729
17 184 223 698 1247 1281 1315
59 1189 1221 1858
188 398 866 1299 1540 1659
955 1037 1905
331 1170 1360 1600
227 271 655 732 784 1828
200 926 1170 1570
3 279 866 1616 1671
1218 1234 1326 1400
374 978
782 1571
381 1051 1136 1293 1362
944 1198 1743 1867
1088 1559
170 534 1175 1195 1403 1931
285 784 1240 1247 1532
588 873 1287 1498 1657 1702 1983
178 347 1270 1610 1631 1831 1920
221 1371 1843 1876
630 737 975 1020 1151 1331
1021 1032 1223 1238 1420 1918
1324 1384
37 121 315 374 771 1055 1092 1349
327 451 1192 1513 1910 1989
245 544 683 1869
185 271 1513 1950
305 419 865 880 900 1128 1165 1639
593 1116 1375 1542
7 1307 1807
503 581 756 1291 1403 1703 1859
116 266 530 581 608 646 859 1194 1888
124 231 312 944 946 1220 1303
893 967 1481
199 756 891 1734 1839 1842
651 1217 1281 1893
795 901 1494 1523 1983
102 1400 1544 1631 1740
401 445 470 631 642 658 748 822 838 1139 1190 1372 1750 1772 1867 1940
652 1300 1835 1974
113 894 925 1231 1314 1391 1496 1510 1982
394 1156 1280 1387
300 486 1124 1481 1530 1840 1863
30 41 691 1104 1737
170 273 738 952 1060 1416 1512 1538 1920
92 205 451 1430 1649 1999
1362 1582 1725 1939
1206 1500 1501 1652 1901
271 788 977 1267 1995
226 280 523 1045 1127 1276 1515 1660
393 420 455 482 534 745 1528
402 777 1052 1371 1396
272 347 800 914 919 1237
669 1320 1746
20 1616 1961 1986
182 195 793 1198 1203 1724 1742 1856
270 646 1032 1486 1500 1593 1694 1697
170 204 294 381 427 643 706 732 1425
909 975 1280 1281 1413 1784 1832 1900
914 1420 1450 1586 1803 1886
123 263 709 927 1033 1181 1340 1700 1834
241 253 315 505 556 632 1615
134 476 1506 1737
49 130 188
112 238 316 1078 1247 1674
951 1282 1370 1389
12 723 754 1280 1732 1920
95 267 574 695 1586 1925
461 683 781 861 1124 1189 1213 1324 1411 1432 1463
242 606 633 963 968 1189 1364
268 289 456 541 583 1889
662 788 1137 1749
716 809 954 1129 1684
368 372 1628 1633 1645
78 718 881 980 1786 1821
586 641 953
14 60 136 458 859 952
130 706 766 1084 1744
179 230 610 666 1633
300 1639 1800 1833
222 822 995 1828
82 581
531 1142 1796
69 186 1465 1597 1740 1973
894 1095 1475
654 757 949 1182 1513
399 1283 1974
169 861 1211 1218 1633 1667
41 729 1042 1096 1698 1863
202 246 851 968 1369 1572
425 594 616 828 1509 1746 1999
51 443 541 628 663 964 1066 1827 1852
14 300 1170 1325 1737
229 323 637 809 1121 1237 1364 1845 1894
109 176 462 549 1158 1746
186 474 507 590 682
174 214 305 1097 1497 1697
633 781 1040 1117 1282 1487 1657 1707
334 592 652 709 722 787 1119 1447
81 114 309 324 1287 1496
169 206 924 994 1657 1668 1893
362 751 1344 1378 1409 1849
1223 1447 1532 1542 1741
474 933
300 596 715 1428
375 654 966 1276 1374
46 105 282 1195 1431 1763
842 1458 1475 1978
22 32 343 438 483 530 577 1292 1355
1268 1426 1546 1659
108 109 1046 1185 1497 1499 1692
449 592 1034 1559 1861
8 183 595 704 786 1141 1636 1715
124 1000 1506
40 319 832 947
457 698 802 1321 1384 1610
443 630 756 797 948 1448 1692
521 543 558 737 873 1057
1121 1441
192 321 460 839 1004 1234 1318 1754 1804 1815
1529 1643 1666 1806
595 1387 1713
408 638 1296 1962
155 548 672
996 1291 1681 1816 1896 1956
166 232 246 533 564 1033 1507 1596
153 366 393 435
551 619 758 1191 1837
601 875 1758
122 248 316 506 534 560 609 743 835 868
104 381 530 718 857 1088 1169 1704
27 109 261 755 908 1531
859 1161 1174 1359
110 495 804 946 1618 1640
206 213 802 1066 1481 1561 1982
345 536 1216 1682
345 421 427 1404 1435 1864
721 837 965 1033 1306 1436 1496
487 1068 1164 1351 1650 1854
204 412 670 867 1445 1581 1900
267 344 638 691 1400 1812 1975
8 97 1468
322 492 518 1021 1744
51 1888 1996
728 856 1290 1572
196 618 868 943 1920
150 1330
1477 1772 1825
223 284 565 636 806
374 659 947 1227 1294 1928
96 165 527 795
109 260 997 1202 1219 1593 1616 1733 1892
296 793 910 1399
65 789
340 488 1537
71 978 1087 1360 1478
600 800 923 1148 1193 1262 1608 1779 1841
946 1137 1145 1226 1329
26 228 589 677 740 879 923 1099 1279 1764 1910
489 987
81 157 558 1072 1431 1989
184 379 380 964 1268 1978
73 284 430 459 637 890 1176 1294
515 1352 1477 1837
211 232 876 1397 1626 1861 1888
112 403 531 972 1363 1571 1887
131 416 1178 1916
352 893 1590
198 536 1008 1182 1327
246 489 857
368 907 1823 1859 1957
206 296 1069
213 796 1176 1182 1890 2000
48 195 504 886 1635 1729
81 116 422 840 909 913 1005 1464 1823
514 1146 1239 1481 1525
229 1359 1505 1617
111 1024 1567 1881
1331 1928
69 260 1280 1541
151 651 1120 1384 1904
295 641 1148 1291 1535 1823
442 1837
260 517
335 569 978 1323 1496 1728
487 1041
691 1123 1441 1664
487 775 881
1308 1359 1435 1562 1844 1876
155 382 464 733 899 1822 1838 1856
17 117 272 1389 1792 1802
276 475 563 1570 1746
497 673
338 744 1006 1045 1389 1561
449 468
294 538 668 968 1331 1383 1525 1662 1745 1817
500 768 1127 1133 1146 1173 1262 1680
931 1287 1562
44 294 509 909 971 1103 1207 1594 1675
95 495 689 845
237 577 668 1441
272 1159
552 1064 1264 1583 1687
161 738
47 122 340 1306 1336 1902
22 104 751 856
430 1565 1620 1630 1869
891 922 932 1309 1314 1467
130 675 1249 1430 1899
1254 1565 1702
188 1190
246 666 1722 1769 1807
295 653 870 1123 1321
252 319 575
10 471 721 977 1692 1709
100 683 1530 1569 1979
118 324 331 966 1064 1480 1622 1843
87 213 709 977 1043 1414 1653 1729 1859
227 334 775 1374 1744 1761
107 129 186 796 1026 1207
711 922 1247 1525
4 10 53 308 448
222 369 875 1728
89 187 791 1178 1733 1746
94 792
20 1369
115 519 664 1203 1343 1559 1982
131 181 544 1286 1492 1770
144 323 811 1171 1186 1208
429 636 652 745 1118 1934
320 738 1653
211 309 643 727 769 796 1069 1095 1494 1904 1960
287 293 328 482 520 534 606 795 861
319 426 541 1149 1197
667 927 969 984 1222 1802 1814
202 236 267 324 348 810 1139 1322 1862
651 1450 1485
243 1463 1865
178 312 1171 1401 1488 1515
234 977
218 401 489 511 922 1322 1752 1982
230 416 756 1525 1720 1822
212 213 478 740 1011 1057 1149 1417 1834 1859
1514 1799
381 1253 1271 1430 1827
272 397 445 675 743
279 766 949 1089 1399 1732
21 60 293 809 898 1331
5 70 80 521 644 655 733 1050 1659
373 420 477 1203 1290 1686 1864 1865
337 632 922 1282 1292
22 420 608 822 908 1004 1340 1802 1997
144 214 1649 1755
199 894 964 1043
220 259 375 481 1232 1476 1477 1513 1660
40 182 890 1656 1704 1961
325 331 556 1211 1714
661 839 1220 1862 1983
123 373 1478 1855
112 433 471 506 1087 1149 1422 1562
194 321 549 558 624 1608 1642 1754
751 787 1055 1101 1352
6 199 822 876 976
29 629 1328 1515
324 326 641 878 1583 1643
87 296
760 1111 1897
462 707 829 850 1175 1535 1617 1957
304 1343
316 386 894 955 1323 1958
264 784 992 1213 1904 1909
12 683 782 1070 1139 1167 1278 1636 1697
118 134 324 422 629 935
170 630 1157 1558
478 689 785 1222 1549 1812 1897 1901
91 452 668 715 745 959
1084 1281
284 1788
1570 1856
338 407 568 1389 1638
684 1040 1845
109 930 1346 1428 1690
687 1073 1947
223 893 1754 1829 1911
38 342 398 421 548 740 1045 1353
189 417 532 762 811
112 184 407 1505 1601 1706 1899 1904 1908 1993
566 799 996 1188 1483 1773
516 600 1342 1455 1638
71 239 335 582 637 1232
282 377 421 445 469 761 1801 1993
77 793 923 994
1386 1573
822 1085 1187 1966
38 576 1586 1896 1944
1093 1915
148 267 368 631 675 810 981 1341 1382 1776 1825 1935
16 277 345 599 656 1142 1231 1425 1534 1762 1965
557 1901 1919
976 1065 1178 1249
285 341 607 1167 1300
708 851 1477 1513
201 465 565 1379
53 875 1092 1553 1597
638 896 1079 1601 1792 1810
227 574 860
12 26 401 1051 1684
16 166 479
137 402 431 1447
84 763 1191 1408 1432
678 1395
47 306 482 555 783 927 968 1164 1210 1655 1755
201 606 926 980 1019 1798
347 549 769 1158 1516
284 545 1183 1611 1848
250 513 761 1322 1544 1685
174 442 1472 1638 1915
468 747 878 1242 1614 1657 1929
94 179 436 603 1395 1649 1723
446 840 1441 1799
653 1387 1517 1650
1058 1548
166 475 931 1186 1429
195 413 708 877 1204 1335 1489 1516 1528 1678 1897
206 253 536 831 878 1241 1330
282 461 529 674 751 783 1635 1813
34 433 945 1219 1255 1755
753 756 783 1544 1781 1825 1960
99 193 206 806 1883
9 71 226 372 454 1382 1571 1592 1718
163 466 788 835 1481 1687 1727
28 1033 1116 1574
893 995 1209 1620
548 890 1004 1060 1085 1600 1645 1748
78 489 620 1022 1094 1920 1947
453 616 1451 1583 1624
102 561 1926
728 1022 1092 1494
439 514
150 196 770 881 1658 1799
1098 1121 1618
133 179 195 334 420 893 1274 1464 1669
1173 1201
76 227 832 896 1902
268 1113 1792
301 557 1139 1507 1587
248 640 1159 1196 1289
308 343 402
548 610 832 1980
485 836 966 1040 1374
77 78 322 437 911 1290 1519
167 767 769 840 1087 1138 1800 1908
294 305 408 474 798 1650 1948 1999
653 1174 1380 1430
83 292 618 1114 1870 1942
770 776 1881
297 470 574 968 1026 1477 1827
56 346 1438
300 564 1050 1265
105 110 202 312 943 1111
2 176 825 1289 1822
772 1652 1797
859 1304 1934
204 1190 1304
105 235 323 1175 1188 1520 1614 1914
46 788
444 557 1261
47 458 819 1708
653 1100 1211 1387 1411 1552 1640 1857
56 96 346 855 876 1740 1863
22 134 279 375 574 654 1176 1300 1315
403 426 1094 1315 1416 1771 1857 1866
74 162 605 711 865 1114 1356
31 35 386 448 560 1141 1384 1545 1824
548 925 927 1225 1545 1996
84 575 1620
70 221 494 800 1252 1626
229 757 936 1315
361 1932
375 711 1018
10 40 844 1213 1284 1605 1692
375 562 724 1159 1294 1344 1450
108 341 957 1068 1385
51 100 151 393 556 1336 1391 1704
475 968 1562 1815 1837
1165 1171 1335 1353 1829
1120 1421 1509 1873 1941 1959
540 1666
28 101 250 698 914 1873 1876 1923 1945 1953
33 227 485 1982
33 199 559 846 1750 1957
369 495 629 782 1479 1561
374 535
491 639 1103 1690 1821 1957
211 293 315 599 763 1101 1159
285 517 555 917 1281 1352 1425 1586
803 809 1924 1929
614 893 1288 1884
22 281 371 769 878 1244 1729 1935
65 612 866 971 1018 1688 1882
17 246 782 1052 1112 1265 1370 1584
211 630 1203 1262 1587 1819
501 994 1052
531 807 1045 1237 1479 1693
41 291 739 1705
228 521 875 877 921 1214 1957
338 1406
41 118 238 264 926
542 1247 1398 1664 1690 1740 1823
80 891 899 1022 1221 1355 1800 1831 1932
1116 1532 1718
276 506 1228 1432 1660 1744
108 443 987
438 593 701 1008 1768
279 721 1137
432 1657
33 193 678 1020 1247 1472
183 330 516 598 1453 1649
217 271 545 690 1089 1105 1376 1799 1953
315 850 958 1118 1416 1834 1994
738 747 1756 1993
186 820 1650 1979
76 273 1570
583 1750
161 875 1802 1814
1085 1138 1261 1829
234 429 1032 1640
34 244 982
12 160 660 1097 1113 1133 1652
185 559 1175 1390 1820 1980
170 201 445 448 558 977 1232 1472 1835
551 1008 1955 1967
637 1184 1463 1948
154 291 327 421 663 1276 1814 1964
168 503 724 837 938 1674 1771 1820 1941
71 227
236 467 779 1671 1767
236 325 383 569 1222 1315
93 1367
216 1268 1950
797 845 993 1006 1354 1617
414 563 1191 1345 1550 1673
36 1209
402 487 748 930 952 1975
100 337 1123 1336 1370
851 860 1272 1383 1960
269 417 471 878 988 1183 1818
374 451 457 673 733 792 1410 1857
29 462 1376 1400 1533 1639 1737
382 672 681 780 984 1014 1517 1707 1857
258 473 672 1176 1486 1828
652 1195
317 343 1317 1430 1470 1514 1550 1615 1691
618 848 949 1062 1485 1939
93 926 1243 1688
421 1643
1105 1345 1826
448 455 868 1037
128 238 694 1594 1883
592 1542
783 1213 1906
400 663 1058 1201 1607 1696
162 192 1581 1823
629 1089 1170 1330 1681 1896
568 646 672 1893
474 766 963 1143 1818
1472 1819 1843
27 95 160 756 1967
98 203 875 1226 1578 1639
136 339 1460 1730 1734 1822
43 173 581 685 788 1005 1113 1128 1705 1751
155 937 1824
37 266 597 772 958 1191
4 509 1119 1739
106 558 904 1728 1987
605 1070 1280 1294
37 85 109 174 977 1007 1097 1801 1839
558 777 792 1006 1746
266 282 906 1765 1926
617 655 663 829 1429 1864
281 333 550 1353
563 866 1197 1448 1652 1993
45 279
65 264 401 507 516 1230 1603 1656
136 441 449 547 963 1045 1409 1491 1696
101 324 1043
89 449 492 511 984 1159 1309 1645 1696 1974
29 176 246 1264 1287
381 474 1088 1101 1270 1377 1428
383 526 1502 1575 1645 1746
573 1059 1099 1571 1900 1980
111 225 308 893
10 404 540 798 1511 1536 1580 1941
509 572 652 1147 1163
561 581 763 771 788 1360 1550 1629 1719
8 145 176 540 1251 1359 1507 1585 1880
13 348 882 936 977 1012 1255 1567
841 1489 1923
20 1253 1346 1596
251 1643
320 348 451 1109
62 869
101 183 678 963 1343 1356 1523 1612 1812
268 416 689 1554 1953
37 172 195 460 1053 1187 1250 1481
155 621 1104 1204 1430 1653 1841
256 558 1183
475 582 797 1046
33 154 556 576 691 882 1438 1901 1905 1913
206 223 516 579 989 1682 1799
9 179 188 323 673 1169 1203 1413
34 279 498 535 1412 1616 1849
37 245 947
267 539 715 1002 1211 1466 1532
173 1033 1125 1619
382 430 790 1354 1428 1507 1664
535 746 898
20 130 282 447 1014 1593
1 87 98 250 386 555 828 1521 1747 1835
682 1204 1601 1842
767 1091
73 494 1223 1251 1438
59 251 519 948 1159
118 595 862 1538
362 1786
650 1236 1819 1986
800 914 1363
402 526 879 1511 1529 1649
188 1055 1208 1352 1361 1470 1732 1890
35 226 415 509 511 937 1282
220 275 670 860 1105
273 639 937 1707
916 1518 1537 1632 1918
767 1729 1757 1878 1944
147 474 542 1064 1217
116 331 382 458 675 857 1427 1457 1483 1632
225 312 848 990 1800
16 402 670 841 1264 1474 1887 1919
76 1386 1660 1748
250 1266 1578 1745
643 1673
9 540 1215 1397
288 902 1404 1475
59 1809 1890
23 805 973 1529
855 1611
219 644 811 1422 1577 1763
22 687 1167 1275 1505 1890
288 538 883 1445 1855
326 561 1772
360 543 661 773 1983
282 423 545 1063 1987
78 561 1139 1383
281 817 1037 1045 1523
77 1022 1913
504 804
261 397 654 793 868 1105 1226 1719
141 323 487 1344 1553 1838
613 1867
168 272 353 1346 1574 1669 1834 1909
377 592 843 951 1252 1702 1801
49 461 927 1046 1669 1682 1812 1964
162 412 598 718 840 1657
204 324 1412 1662 1814
217 1433 1907
473 841 1141 1150 1338 1340 1652 1830
1211 1294
246 302 401 416 462 1419 1918 1945
363 840 889 1133 1567 1767
225 409 530 760 1801
342 1198 1226
7 390 436 471 1628 1796
19 64 790 1021 1193 1287 1661 1669
335 421 802 866 967 1270 1688 1932
79 134 268 322 1129 1135 1321 1376 1519
218 460 583 848 1104 1400 1661 1688 1834
445 611 1301 1968
172 342 593 1651
89 640 674 779 878 945 1294 1617 1931
998 1406 1852
269 987 1664
91 111 206 874 883 1314 1461
260 329 909 1031 1074 1967
3 1162 1374 1375 1459
401 695 910 1072 1249
1018 1159 1261 1518
69 81 477 1095 1231 1370 1870
36 950
170 494 695 866 1520 1744
297 393 549
623 724 1085 1330 1348 1797
531 706 743 986 1424
763 1629
599 604 799 828 924 1460 1798 1843 1988
383 831 1010 1154 1159 1593
1070 1523 1894
131 403 406 922 1116 1222 1321 1571 1926 1942
446 638 843 898 960 1688 1732 1910
359 760 960 1838
